% time	cellId	IMSI	frame	sframe	RNTI	mcsTb1	sizeTb1	mcsTb2	sizeTb2
0.702	1	1	71	3	1	8	421	0	0
0.719	1	1	72	10	1	4	217	0	0
0.72	1	1	73	1	1	6	309	0	0
0.721	1	1	73	2	1	6	309	0	0
0.722	1	1	73	3	1	14	775	0	0
0.739	1	1	74	10	1	12	597	0	0
0.74	1	1	75	1	1	16	903	0	0
0.802	1	2	81	3	2	18	967	0	0
0.811	1	1	82	2	1	6	309	0	0
0.814	1	1	82	5	1	8	421	0	0
0.815	1	1	82	6	1	8	421	0	0
0.816	1	1	82	7	1	8	421	0	0
0.817	1	1	82	8	1	8	421	0	0
0.818	1	1	82	9	1	4	217	0	0
0.819	1	2	82	10	2	20	1191	0	0
0.82	1	2	83	1	2	22	1383	0	0
0.821	1	1	83	2	1	18	967	0	0
0.822	1	1	83	3	1	18	967	0	0
0.836	1	1	84	7	1	0	81	0	0
0.837	1	1	84	8	1	0	81	0	0
0.838	1	2	84	9	2	22	1383	0	0
0.839	1	1	84	10	1	14	775	0	0
0.84	1	1	85	1	1	16	903	0	0
0.841	1	1	85	2	1	16	903	0	0
0.842	1	1	85	3	1	8	421	0	0
0.843	1	1	85	4	1	8	421	0	0
0.856	1	2	86	7	2	18	967	0	0
0.857	1	2	86	8	2	18	967	0	0
0.858	1	2	86	9	2	20	1191	0	0
0.859	1	2	86	10	2	20	1191	0	0
0.862	1	1	87	3	1	6	309	0	0
0.863	1	1	87	4	1	6	309	0	0
0.864	1	1	87	5	1	4	217	0	0
0.865	1	1	87	6	1	4	217	0	0
0.868	1	1	87	9	1	6	309	0	0
0.869	1	1	87	10	1	6	309	0	0
0.87	1	1	88	1	1	8	421	0	0
0.871	1	1	88	2	1	8	421	0	0
0.872	1	1	88	3	1	6	309	0	0
0.873	1	1	88	4	1	6	309	0	0
0.874	1	1	88	5	1	12	597	0	0
0.875	1	1	88	6	1	12	597	0	0
0.876	1	2	88	7	2	22	1383	0	0
0.877	1	2	88	8	2	22	1383	0	0
0.878	1	2	88	9	2	22	1383	0	0
0.879	1	1	88	10	1	10	469	0	0
0.88	1	1	89	1	1	6	309	0	0
0.881	1	1	89	2	1	6	309	0	0
0.882	1	1	89	3	1	14	775	0	0
0.883	1	1	89	4	1	14	775	0	0
0.889	1	1	89	10	1	10	469	0	0
0.89	1	1	90	1	1	8	421	0	0
0.891	1	1	90	2	1	8	421	0	0
0.892	1	1	90	3	1	4	217	0	0
0.893	1	1	90	4	1	4	217	0	0
0.894	1	2	90	5	2	14	775	0	0
0.895	1	2	90	6	2	14	775	0	0
0.896	1	2	90	7	2	16	903	0	0
0.897	1	2	90	8	2	16	903	0	0
0.898	1	1	90	9	1	6	309	0	0
0.899	1	1	90	10	1	6	309	0	0
0.9	1	1	91	1	1	14	775	0	0
0.901	1	1	91	2	1	14	775	0	0
0.902	1	2	91	3	2	24	1620	0	0
0.903	1	2	91	4	2	24	1620	0	0
0.904	1	1	91	5	1	16	903	0	0
0.905	1	1	91	6	1	16	903	0	0
0.906	1	1	91	7	1	14	775	0	0
0.907	1	1	91	8	1	14	775	0	0
0.908	1	1	91	9	1	14	775	0	0
0.909	1	1	91	10	1	14	775	0	0
0.91	1	1	92	1	1	14	775	0	0
0.911	1	1	92	2	1	14	775	0	0
0.914	1	2	92	5	2	22	1383	0	0
0.915	1	2	92	6	2	22	1383	0	0
0.916	1	2	92	7	2	10	469	0	0
0.917	1	2	92	8	2	10	469	0	0
0.918	1	2	92	9	2	22	1383	0	0
0.919	1	2	92	10	2	22	1383	0	0
0.92	1	2	93	1	2	18	967	0	0
0.921	1	2	93	2	2	18	967	0	0
0.922	1	2	93	3	2	18	967	0	0
0.923	1	2	93	4	2	18	967	0	0
0.933	1	2	94	4	2	18	967	0	0
0.934	1	2	94	5	2	26	1836	0	0
0.935	1	2	94	6	2	26	1836	0	0
0.936	1	2	94	7	2	22	1383	0	0
0.937	1	2	94	8	2	22	1383	0	0
0.938	1	2	94	9	2	0	81	0	0
0.939	1	2	94	10	2	0	81	0	0
0.94	1	2	95	1	2	16	903	0	0
0.941	1	2	95	2	2	16	903	0	0
0.942	1	2	95	3	2	22	1383	0	0
0.943	1	2	95	4	2	22	1383	0	0
0.944	1	2	95	5	2	24	1620	0	0
0.952	1	2	96	3	2	16	903	0	0
0.953	1	2	96	4	2	16	903	0	0
0.954	1	2	96	5	2	0	81	0	0
0.955	1	2	96	6	2	0	81	0	0
0.956	1	2	96	7	2	18	967	0	0
0.957	1	2	96	8	2	18	967	0	0
0.958	1	2	96	9	2	8	421	0	0
0.959	1	2	96	10	2	8	421	0	0
0.96	1	2	97	1	2	18	967	0	0
0.961	1	2	97	2	2	18	967	0	0
0.962	1	2	97	3	2	20	1191	0	0
0.963	1	2	97	4	2	20	1191	0	0
0.964	1	2	97	5	2	16	903	0	0
0.965	1	2	97	6	2	16	903	0	0
0.966	1	2	97	7	2	18	967	0	0
0.967	1	2	97	8	2	18	967	0	0
0.968	1	2	97	9	2	14	775	0	0
0.969	1	2	97	10	2	14	775	0	0
0.971	1	2	98	2	2	14	775	0	0
0.972	1	2	98	3	2	16	903	0	0
0.973	1	2	98	4	2	16	903	0	0
0.974	1	2	98	5	2	22	1383	0	0
0.975	1	2	98	6	2	22	1383	0	0
0.976	1	2	98	7	2	14	775	0	0
0.977	1	2	98	8	2	14	775	0	0
0.978	1	2	98	9	2	12	597	0	0
0.979	1	2	98	10	2	12	597	0	0
0.982	1	2	99	3	2	18	967	0	0
0.983	1	2	99	4	2	18	967	0	0
0.984	1	2	99	5	2	2	133	0	0
0.985	1	2	99	6	2	2	133	0	0
0.986	1	2	99	7	2	24	1620	0	0
0.987	1	2	99	8	2	24	1620	0	0
0.988	1	2	99	9	2	22	1383	0	0
0.989	1	2	99	10	2	22	1383	0	0
0.99	1	2	100	1	2	20	1191	0	0
0.991	1	2	100	2	2	20	1191	0	0
0.992	1	2	100	3	2	24	1620	0	0
1.002	1	2	101	3	2	20	1191	0	0
1.004	1	2	101	5	2	16	903	0	0
1.005	1	2	101	6	2	16	903	0	0
1.006	1	2	101	7	2	26	1836	0	0
1.007	1	2	101	8	2	26	1836	0	0
1.008	1	2	101	9	2	18	967	0	0
1.009	1	2	101	10	2	18	967	0	0
1.02	1	2	103	1	2	16	903	0	0
1.021	1	2	103	2	2	16	903	0	0
1.022	1	2	103	3	2	22	1383	0	0
1.023	1	2	103	4	2	22	1383	0	0
1.024	1	2	103	5	2	20	1191	0	0
1.025	1	2	103	6	2	20	1191	0	0
1.026	1	2	103	7	2	18	967	0	0
1.039	1	2	104	10	2	20	1191	0	0
1.04	1	2	105	1	2	20	1191	0	0
1.041	1	2	105	2	2	20	1191	0	0
1.042	1	2	105	3	2	20	1191	0	0
1.043	1	2	105	4	2	20	1191	0	0
1.044	1	2	105	5	2	12	597	0	0
1.045	1	2	105	6	2	12	597	0	0
1.046	1	2	105	7	2	20	1191	0	0
1.047	1	2	105	8	2	20	1191	0	0
1.057	1	2	106	8	2	18	967	0	0
1.058	1	2	106	9	2	10	469	0	0
1.059	1	2	106	10	2	10	469	0	0
1.06	1	2	107	1	2	20	1191	0	0
1.061	1	2	107	2	2	20	1191	0	0
1.062	1	2	107	3	2	22	1383	0	0
1.063	1	2	107	4	2	22	1383	0	0
1.064	1	2	107	5	2	14	775	0	0
1.065	1	2	107	6	2	14	775	0	0
1.066	1	2	107	7	2	20	1191	0	0
1.076	1	2	108	7	2	12	597	0	0
1.077	1	2	108	8	2	12	597	0	0
1.078	1	2	108	9	2	14	775	0	0
1.079	1	2	108	10	2	14	775	0	0
1.08	1	2	109	1	2	20	1191	0	0
1.081	1	2	109	2	2	20	1191	0	0
1.082	1	2	109	3	2	16	903	0	0
1.083	1	2	109	4	2	16	903	0	0
1.084	1	2	109	5	2	16	903	0	0
1.085	1	2	109	6	2	16	903	0	0
1.086	1	2	109	7	2	20	1191	0	0
1.087	1	2	109	8	2	20	1191	0	0
1.095	1	2	110	6	2	22	1383	0	0
1.096	1	2	110	7	2	22	1383	0	0
1.097	1	2	110	8	2	22	1383	0	0
1.098	1	2	110	9	2	14	775	0	0
1.099	1	2	110	10	2	14	775	0	0
1.1	1	2	111	1	2	12	597	0	0
1.101	1	2	111	2	2	12	597	0	0
1.102	1	2	111	3	2	20	1191	0	0
1.103	1	2	111	4	2	20	1191	0	0
1.104	1	2	111	5	2	24	1620	0	0
1.105	1	2	111	6	2	24	1620	0	0
1.106	1	1	111	7	1	0	81	0	0
1.107	1	1	111	8	1	0	81	0	0
1.108	1	1	111	9	1	4	217	0	0
1.109	1	1	111	10	1	4	217	0	0
1.11	1	1	112	1	1	10	469	0	0
1.111	1	1	112	2	1	10	469	0	0
1.113	1	2	112	4	2	24	1620	0	0
1.114	1	2	112	5	2	24	1620	0	0
1.115	1	2	112	6	2	24	1620	0	0
1.116	1	2	112	7	2	20	1191	0	0
1.117	1	2	112	8	2	20	1191	0	0
1.118	1	2	112	9	2	12	597	0	0
1.119	1	2	112	10	2	12	597	0	0
1.12	1	2	113	1	2	16	903	0	0
1.121	1	2	113	2	2	16	903	0	0
1.122	1	2	113	3	2	20	1191	0	0
1.123	1	2	113	4	2	20	1191	0	0
1.124	1	2	113	5	2	8	421	0	0
1.131	1	1	114	2	1	14	775	0	0
1.132	1	2	114	3	2	14	775	0	0
1.133	1	2	114	4	2	14	775	0	0
1.134	1	2	114	5	2	12	597	0	0
1.135	1	2	114	6	2	12	597	0	0
1.136	1	2	114	7	2	14	775	0	0
1.137	1	2	114	8	2	14	775	0	0
1.138	1	2	114	9	2	20	1191	0	0
1.139	1	2	114	10	2	20	1191	0	0
1.14	1	2	115	1	2	18	967	0	0
1.141	1	2	115	2	2	18	967	0	0
1.142	1	1	115	3	1	12	597	0	0
1.143	1	1	115	4	1	12	597	0	0
1.144	1	1	115	5	1	14	775	0	0
1.145	1	1	115	6	1	14	775	0	0
1.146	1	2	115	7	2	14	775	0	0
1.147	1	2	115	8	2	14	775	0	0
1.148	1	2	115	9	2	24	1620	0	0
1.149	1	2	115	10	2	24	1620	0	0
1.15	1	1	116	1	1	10	469	0	0
1.151	1	2	116	2	2	26	1836	0	0
1.152	1	2	116	3	2	20	1191	0	0
1.153	1	2	116	4	2	20	1191	0	0
1.154	1	1	116	5	1	14	775	0	0
1.155	1	1	116	6	1	14	775	0	0
1.156	1	2	116	7	2	20	1191	0	0
1.157	1	2	116	8	2	20	1191	0	0
1.158	1	2	116	9	2	26	1836	0	0
1.159	1	2	116	10	2	26	1836	0	0
1.16	1	2	117	1	2	24	1620	0	0
1.161	1	1	117	2	1	0	81	0	0
1.162	1	1	117	3	1	2	133	0	0
1.163	1	1	117	4	1	2	133	0	0
1.164	1	1	117	5	1	6	309	0	0
1.165	1	1	117	6	1	6	309	0	0
1.166	1	1	117	7	1	4	217	0	0
1.167	1	1	117	8	1	4	217	0	0
1.168	1	1	117	9	1	0	81	0	0
1.169	1	1	117	10	1	0	81	0	0
1.17	1	1	118	1	1	4	217	0	0
1.171	1	1	118	2	1	4	217	0	0
1.172	1	1	118	3	1	8	421	0	0
1.173	1	1	118	4	1	8	421	0	0
1.174	1	1	118	5	1	2	133	0	0
1.175	1	1	118	6	1	2	133	0	0
1.176	1	1	118	7	1	6	309	0	0
1.177	1	1	118	8	1	6	309	0	0
1.178	1	1	118	9	1	10	469	0	0
1.179	1	1	118	10	1	10	469	0	0
1.18	1	1	119	1	1	2	133	0	0
1.181	1	1	119	2	1	2	133	0	0
1.184	1	1	119	5	1	8	421	0	0
1.185	1	1	119	6	1	8	421	0	0
1.186	1	1	119	7	1	16	903	0	0
1.187	1	1	119	8	1	16	903	0	0
1.188	1	1	119	9	1	14	775	0	0
1.189	1	1	119	10	1	14	775	0	0
1.19	1	1	120	1	1	4	217	0	0
1.191	1	1	120	2	1	4	217	0	0
1.192	1	1	120	3	1	8	421	0	0
1.193	1	1	120	4	1	8	421	0	0
1.194	1	1	120	5	1	8	421	0	0
1.195	1	1	120	6	1	8	421	0	0
1.198	1	1	120	9	1	4	217	0	0
1.199	1	1	120	10	1	4	217	0	0
1.2	1	1	121	1	1	6	309	0	0
1.201	1	1	121	2	1	6	309	0	0
1.202	1	1	121	3	1	4	217	0	0
1.203	1	1	121	4	1	4	217	0	0
1.204	1	1	121	5	1	2	133	0	0
1.205	1	1	121	6	1	2	133	0	0
1.206	1	1	121	7	1	2	133	0	0
1.207	1	1	121	8	1	2	133	0	0
1.208	1	1	121	9	1	0	81	0	0
1.209	1	1	121	10	1	0	81	0	0
1.21	1	1	122	1	1	12	597	0	0
1.211	1	1	122	2	1	12	597	0	0
1.212	1	1	122	3	1	14	775	0	0
1.213	1	1	122	4	1	14	775	0	0
1.214	1	1	122	5	1	4	217	0	0
1.215	1	1	122	6	1	4	217	0	0
1.218	1	1	122	9	1	4	217	0	0
1.219	1	1	122	10	1	4	217	0	0
1.22	1	1	123	1	1	6	309	0	0
1.221	1	1	123	2	1	6	309	0	0
1.222	1	1	123	3	1	2	133	0	0
1.223	1	1	123	4	1	2	133	0	0
1.224	1	1	123	5	1	12	597	0	0
1.225	1	1	123	6	1	12	597	0	0
1.226	1	1	123	7	1	12	597	0	0
1.227	1	1	123	8	1	12	597	0	0
1.228	1	1	123	9	1	6	309	0	0
1.229	1	1	123	10	1	6	309	0	0
1.23	1	1	124	1	1	8	421	0	0
1.231	1	1	124	2	1	8	421	0	0
1.232	1	1	124	3	1	8	421	0	0
1.233	1	1	124	4	1	8	421	0	0
1.234	1	1	124	5	1	6	309	0	0
1.235	1	1	124	6	1	6	309	0	0
1.236	1	1	124	7	1	14	775	0	0
1.237	1	1	124	8	1	14	775	0	0
1.238	1	1	124	9	1	8	421	0	0
1.239	1	1	124	10	1	8	421	0	0
1.24	1	1	125	1	1	8	421	0	0
1.241	1	1	125	2	1	8	421	0	0
1.242	1	1	125	3	1	14	775	0	0
1.243	1	1	125	4	1	14	775	0	0
1.244	1	1	125	5	1	6	309	0	0
1.245	1	1	125	6	1	6	309	0	0
1.246	1	1	125	7	1	6	309	0	0
1.247	1	1	125	8	1	6	309	0	0
1.248	1	1	125	9	1	4	217	0	0
1.249	1	1	125	10	1	4	217	0	0
1.25	1	1	126	1	1	8	421	0	0
1.251	1	1	126	2	1	8	421	0	0
1.252	1	1	126	3	1	14	775	0	0
1.253	1	1	126	4	1	14	775	0	0
1.254	1	1	126	5	1	6	309	0	0
1.255	1	1	126	6	1	6	309	0	0
1.256	1	1	126	7	1	12	597	0	0
1.257	1	1	126	8	1	12	597	0	0
1.258	1	1	126	9	1	16	903	0	0
1.27	1	1	128	1	1	10	469	0	0
1.271	1	1	128	2	1	10	469	0	0
1.272	1	1	128	3	1	10	469	0	0
1.273	1	1	128	4	1	10	469	0	0
1.274	1	1	128	5	1	6	309	0	0
1.275	1	1	128	6	1	6	309	0	0
1.276	1	1	128	7	1	8	421	0	0
1.277	1	1	128	8	1	8	421	0	0
1.291	1	1	130	2	1	14	775	0	0
1.292	1	1	130	3	1	4	217	0	0
1.293	1	2	130	4	2	16	903	0	0
1.294	1	2	130	5	2	20	1191	0	0
1.295	1	2	130	6	2	20	1191	0	0
1.296	1	2	130	7	2	26	1836	0	0
1.297	1	2	130	8	2	26	1836	0	0
1.298	1	2	130	9	2	20	1191	0	0
1.299	1	2	130	10	2	20	1191	0	0
1.3	1	2	131	1	2	14	775	0	0
1.301	1	2	131	2	2	14	775	0	0
1.302	1	2	131	3	2	16	903	0	0
1.303	1	2	131	4	2	16	903	0	0
1.304	1	2	131	5	2	22	1383	0	0
1.305	1	1	131	6	1	12	597	0	0
1.306	1	1	131	7	1	16	903	0	0
1.307	1	1	131	8	1	16	903	0	0
1.308	1	1	131	9	1	12	597	0	0
1.309	1	1	131	10	1	12	597	0	0
1.312	1	2	132	3	2	8	421	0	0
1.313	1	2	132	4	2	8	421	0	0
1.314	1	2	132	5	2	18	967	0	0
1.315	1	2	132	6	2	18	967	0	0
1.316	1	2	132	7	2	18	967	0	0
1.317	1	2	132	8	2	18	967	0	0
1.318	1	2	132	9	2	26	1836	0	0
1.319	1	2	132	10	2	26	1836	0	0
1.32	1	2	133	1	2	22	1383	0	0
1.321	1	2	133	2	2	22	1383	0	0
1.322	1	2	133	3	2	12	597	0	0
1.323	1	2	133	4	2	12	597	0	0
1.324	1	2	133	5	2	18	967	0	0
1.325	1	2	133	6	2	18	967	0	0
1.333	1	1	134	4	1	8	421	0	0
1.335	1	2	134	6	2	18	967	0	0
1.336	1	2	134	7	2	18	967	0	0
1.337	1	2	134	8	2	18	967	0	0
1.338	1	2	134	9	2	24	1620	0	0
1.339	1	2	134	10	2	24	1620	0	0
1.34	1	2	135	1	2	24	1620	0	0
1.341	1	2	135	2	2	24	1620	0	0
1.342	1	2	135	3	2	20	1191	0	0
1.343	1	2	135	4	2	20	1191	0	0
1.344	1	2	135	5	2	18	967	0	0
1.345	1	2	135	6	2	18	967	0	0
1.346	1	1	135	7	1	14	775	0	0
1.347	1	1	135	8	1	14	775	0	0
1.348	1	1	135	9	1	12	597	0	0
1.349	1	1	135	10	1	12	597	0	0
1.35	1	1	136	1	1	0	81	0	0
1.351	1	1	136	2	1	0	81	0	0
1.352	1	1	136	3	1	6	309	0	0
1.353	1	1	136	4	1	6	309	0	0
1.354	1	2	136	5	2	18	967	0	0
1.355	1	2	136	6	2	18	967	0	0
1.356	1	2	136	7	2	14	775	0	0
1.357	1	2	136	8	2	14	775	0	0
1.358	1	2	136	9	2	10	469	0	0
1.359	1	2	136	10	2	10	469	0	0
1.36	1	1	137	1	1	14	775	0	0
1.361	1	2	137	2	2	10	469	0	0
1.362	1	2	137	3	2	12	597	0	0
1.363	1	2	137	4	2	12	597	0	0
1.364	1	2	137	5	2	20	1191	0	0
1.373	1	1	138	4	1	18	967	0	0
1.374	1	2	138	5	2	20	1191	0	0
1.375	1	2	138	6	2	20	1191	0	0
1.376	1	2	138	7	2	28	2196	0	0
1.377	1	2	138	8	2	28	2196	0	0
1.378	1	1	138	9	1	14	775	0	0
1.379	1	1	138	10	1	14	775	0	0
1.38	1	1	139	1	1	10	469	0	0
1.381	1	1	139	2	1	10	469	0	0
1.382	1	1	139	3	1	12	597	0	0
1.383	1	1	139	4	1	12	597	0	0
1.384	1	1	139	5	1	10	469	0	0
1.385	1	1	139	6	1	10	469	0	0
1.397	1	1	140	8	1	12	597	0	0
1.398	1	1	140	9	1	8	421	0	0
1.399	1	1	140	10	1	8	421	0	0
1.4	1	1	141	1	1	4	217	0	0
1.401	1	1	141	2	1	4	217	0	0
1.402	1	1	141	3	1	10	469	0	0
1.403	1	1	141	4	1	10	469	0	0
1.404	1	1	141	5	1	4	217	0	0
1.405	1	1	141	6	1	4	217	0	0
1.406	1	1	141	7	1	10	469	0	0
1.407	1	1	141	8	1	10	469	0	0
1.408	1	1	141	9	1	14	775	0	0
1.417	1	1	142	8	1	6	309	0	0
1.418	1	1	142	9	1	14	775	0	0
1.419	1	1	142	10	1	14	775	0	0
1.42	1	1	143	1	1	18	967	0	0
1.423	1	1	143	4	1	8	421	0	0
1.424	1	1	143	5	1	12	597	0	0
1.425	1	1	143	6	1	12	597	0	0
1.426	1	1	143	7	1	12	597	0	0
1.427	1	1	143	8	1	12	597	0	0
1.428	1	1	143	9	1	10	469	0	0
1.436	1	1	144	7	1	8	421	0	0
1.437	1	1	144	8	1	8	421	0	0
1.438	1	1	144	9	1	14	775	0	0
1.439	1	1	144	10	1	14	775	0	0
1.44	1	1	145	1	1	10	469	0	0
1.441	1	1	145	2	1	10	469	0	0
1.442	1	1	145	3	1	20	1191	0	0
1.443	1	1	145	4	1	20	1191	0	0
1.444	1	1	145	5	1	14	775	0	0
1.445	1	1	145	6	1	14	775	0	0
1.452	1	2	146	3	2	16	903	0	0
1.453	1	2	146	4	2	16	903	0	0
1.454	1	2	146	5	2	10	469	0	0
1.455	1	2	146	6	2	10	469	0	0
1.456	1	2	146	7	2	18	967	0	0
1.457	1	2	146	8	2	18	967	0	0
1.458	1	2	146	9	2	18	967	0	0
1.459	1	2	146	10	2	18	967	0	0
1.46	1	2	147	1	2	20	1191	0	0
1.461	1	1	147	2	1	14	775	0	0
1.464	1	1	147	5	1	16	903	0	0
1.465	1	1	147	6	1	16	903	0	0
1.466	1	1	147	7	1	12	597	0	0
1.467	1	1	147	8	1	12	597	0	0
1.468	1	1	147	9	1	10	469	0	0
1.469	1	1	147	10	1	10	469	0	0
1.47	1	1	148	1	1	16	903	0	0
1.471	1	1	148	2	1	16	903	0	0
1.472	1	2	148	3	2	20	1191	0	0
1.473	1	2	148	4	2	20	1191	0	0
1.474	1	2	148	5	2	24	1620	0	0
1.475	1	2	148	6	2	24	1620	0	0
1.476	1	2	148	7	2	18	967	0	0
1.477	1	2	148	8	2	18	967	0	0
1.478	1	1	148	9	1	16	903	0	0
1.479	1	1	148	10	1	16	903	0	0
1.48	1	2	149	1	2	14	775	0	0
1.481	1	2	149	2	2	14	775	0	0
1.491	1	2	150	2	2	24	1620	0	0
1.492	1	2	150	3	2	12	597	0	0
1.493	1	2	150	4	2	12	597	0	0
1.494	1	2	150	5	2	18	967	0	0
1.495	1	2	150	6	2	18	967	0	0
1.496	1	2	150	7	2	6	309	0	0
1.497	1	2	150	8	2	6	309	0	0
1.498	1	2	150	9	2	10	469	0	0
1.499	1	2	150	10	2	10	469	0	0
1.5	1	2	151	1	2	20	1191	0	0
1.501	1	2	151	2	2	20	1191	0	0
1.502	1	2	151	3	2	22	1383	0	0
1.51	1	2	152	1	2	12	597	0	0
1.511	1	2	152	2	2	12	597	0	0
1.512	1	2	152	3	2	8	421	0	0
1.513	1	2	152	4	2	8	421	0	0
1.514	1	2	152	5	2	18	967	0	0
1.515	1	2	152	6	2	18	967	0	0
1.516	1	2	152	7	2	12	597	0	0
1.517	1	2	152	8	2	12	597	0	0
1.518	1	2	152	9	2	14	775	0	0
1.519	1	2	152	10	2	14	775	0	0
1.52	1	2	153	1	2	22	1383	0	0
1.521	1	2	153	2	2	22	1383	0	0
1.53	1	2	154	1	2	16	903	0	0
1.531	1	2	154	2	2	16	903	0	0
1.532	1	2	154	3	2	20	1191	0	0
1.533	1	2	154	4	2	20	1191	0	0
1.534	1	2	154	5	2	20	1191	0	0
1.535	1	2	154	6	2	20	1191	0	0
1.536	1	2	154	7	2	12	597	0	0
1.537	1	2	154	8	2	12	597	0	0
1.538	1	2	154	9	2	12	597	0	0
1.539	1	2	154	10	2	12	597	0	0
1.549	1	2	155	10	2	22	1383	0	0
1.55	1	2	156	1	2	22	1383	0	0
1.551	1	2	156	2	2	22	1383	0	0
1.552	1	2	156	3	2	22	1383	0	0
1.553	1	2	156	4	2	22	1383	0	0
1.554	1	2	156	5	2	24	1620	0	0
1.555	1	2	156	6	2	24	1620	0	0
1.567	1	2	157	8	2	18	967	0	0
1.568	1	2	157	9	2	16	903	0	0
1.569	1	2	157	10	2	16	903	0	0
1.57	1	2	158	1	2	20	1191	0	0
1.571	1	2	158	2	2	20	1191	0	0
1.572	1	2	158	3	2	22	1383	0	0
1.573	1	2	158	4	2	22	1383	0	0
1.574	1	2	158	5	2	6	309	0	0
1.575	1	2	158	6	2	6	309	0	0
1.576	1	2	158	7	2	22	1383	0	0
1.577	1	2	158	8	2	22	1383	0	0
1.587	1	2	159	8	2	20	1191	0	0
1.588	1	2	159	9	2	12	597	0	0
1.589	1	2	159	10	2	12	597	0	0
1.59	1	2	160	1	2	20	1191	0	0
1.591	1	2	160	2	2	20	1191	0	0
1.592	1	2	160	3	2	26	1836	0	0
1.593	1	2	160	4	2	26	1836	0	0
1.594	1	2	160	5	2	24	1620	0	0
1.595	1	2	160	6	2	24	1620	0	0
1.596	1	2	160	7	2	22	1383	0	0
1.607	1	2	161	8	2	24	1620	0	0
1.608	1	2	161	9	2	20	1191	0	0
1.609	1	2	161	10	2	20	1191	0	0
1.61	1	2	162	1	2	22	1383	0	0
1.611	1	2	162	2	2	22	1383	0	0
1.612	1	2	162	3	2	12	597	0	0
1.613	1	2	162	4	2	12	597	0	0
1.614	1	2	162	5	2	20	1191	0	0
1.615	1	2	162	6	2	20	1191	0	0
1.616	1	2	162	7	2	18	967	0	0
1.625	1	2	163	6	2	12	597	0	0
1.626	1	2	163	7	2	4	217	0	0
1.627	1	2	163	8	2	4	217	0	0
1.628	1	2	163	9	2	4	217	0	0
1.629	1	2	163	10	2	4	217	0	0
1.63	1	2	164	1	2	18	967	0	0
1.631	1	2	164	2	2	18	967	0	0
1.632	1	2	164	3	2	20	1191	0	0
1.633	1	2	164	4	2	20	1191	0	0
1.634	1	2	164	5	2	12	597	0	0
1.635	1	2	164	6	2	12	597	0	0
1.636	1	2	164	7	2	14	775	0	0
1.637	1	2	164	8	2	14	775	0	0
1.638	1	2	164	9	2	22	1383	0	0
1.639	1	2	164	10	2	22	1383	0	0
1.646	1	2	165	7	2	24	1620	0	0
1.647	1	2	165	8	2	24	1620	0	0
1.648	1	2	165	9	2	22	1383	0	0
1.649	1	2	165	10	2	22	1383	0	0
1.65	1	2	166	1	2	20	1191	0	0
1.651	1	2	166	2	2	20	1191	0	0
1.652	1	2	166	3	2	12	597	0	0
1.653	1	2	166	4	2	12	597	0	0
1.654	1	2	166	5	2	12	597	0	0
1.655	1	2	166	6	2	12	597	0	0
1.657	1	1	166	8	1	10	469	0	0
1.658	1	1	166	9	1	10	469	0	0
1.659	1	1	166	10	1	10	469	0	0
1.664	1	2	167	5	2	6	309	0	0
1.665	1	2	167	6	2	6	309	0	0
1.666	1	2	167	7	2	10	469	0	0
1.667	1	2	167	8	2	10	469	0	0
1.668	1	2	167	9	2	18	967	0	0
1.669	1	2	167	10	2	18	967	0	0
1.67	1	2	168	1	2	8	421	0	0
1.671	1	2	168	2	2	8	421	0	0
1.672	1	2	168	3	2	18	967	0	0
1.673	1	2	168	4	2	18	967	0	0
1.684	1	2	169	5	2	22	1383	0	0
1.685	1	2	169	6	2	22	1383	0	0
1.686	1	2	169	7	2	22	1383	0	0
1.687	1	2	169	8	2	22	1383	0	0
1.702	1	2	171	3	2	12	597	0	0
1.703	1	2	171	4	2	12	597	0	0
1.704	1	2	171	5	2	18	967	0	0
1.705	1	2	171	6	2	18	967	0	0
1.706	1	2	171	7	2	18	967	0	0
1.707	1	2	171	8	2	18	967	0	0
1.708	1	2	171	9	2	14	775	0	0
1.709	1	2	171	10	2	14	775	0	0
1.722	1	2	173	3	2	18	967	0	0
1.723	1	2	173	4	2	18	967	0	0
1.724	1	2	173	5	2	16	903	0	0
1.725	1	2	173	6	2	16	903	0	0
1.726	1	2	173	7	2	14	775	0	0
1.727	1	2	173	8	2	14	775	0	0
1.728	1	2	173	9	2	16	903	0	0
1.729	1	2	173	10	2	16	903	0	0
1.73	1	2	174	1	2	12	597	0	0
1.742	1	2	175	3	2	20	1191	0	0
1.743	1	2	175	4	2	20	1191	0	0
1.744	1	2	175	5	2	18	967	0	0
1.745	1	2	175	6	2	18	967	0	0
1.746	1	2	175	7	2	22	1383	0	0
1.747	1	2	175	8	2	22	1383	0	0
1.76	1	2	177	1	2	22	1383	0	0
1.761	1	2	177	2	2	22	1383	0	0
1.762	1	2	177	3	2	22	1383	0	0
1.763	1	2	177	4	2	22	1383	0	0
1.764	1	2	177	5	2	8	421	0	0
1.765	1	2	177	6	2	8	421	0	0
1.766	1	2	177	7	2	18	967	0	0
1.767	1	2	177	8	2	18	967	0	0
1.771	1	1	178	2	1	8	421	0	0
1.772	1	1	178	3	1	14	775	0	0
1.773	1	1	178	4	1	14	775	0	0
1.774	1	1	178	5	1	20	1191	0	0
1.775	1	1	178	6	1	20	1191	0	0
1.776	1	1	178	7	1	10	469	0	0
1.777	1	1	178	8	1	10	469	0	0
1.778	1	1	178	9	1	16	903	0	0
1.779	1	1	178	10	1	16	903	0	0
1.78	1	1	179	1	1	18	967	0	0
1.781	1	1	179	2	1	18	967	0	0
1.782	1	2	179	3	2	16	903	0	0
1.783	1	2	179	4	2	16	903	0	0
1.784	1	2	179	5	2	18	967	0	0
1.785	1	2	179	6	2	18	967	0	0
1.786	1	2	179	7	2	18	967	0	0
1.787	1	2	179	8	2	18	967	0	0
1.788	1	2	179	9	2	24	1620	0	0
1.789	1	2	179	10	2	24	1620	0	0
1.79	1	1	180	1	1	8	421	0	0
1.791	1	1	180	2	1	8	421	0	0
1.792	1	1	180	3	1	6	309	0	0
1.793	1	1	180	4	1	6	309	0	0
1.794	1	1	180	5	1	12	597	0	0
1.795	1	1	180	6	1	12	597	0	0
1.796	1	1	180	7	1	8	421	0	0
1.797	1	1	180	8	1	8	421	0	0
1.798	1	1	180	9	1	8	421	0	0
1.799	1	1	180	10	1	8	421	0	0
1.8	1	1	181	1	1	12	597	0	0
1.801	1	1	181	2	1	12	597	0	0
1.802	1	2	181	3	2	14	775	0	0
1.803	1	2	181	4	2	14	775	0	0
1.804	1	2	181	5	2	18	967	0	0
1.805	1	2	181	6	2	18	967	0	0
1.806	1	1	181	7	1	8	421	0	0
1.807	1	1	181	8	1	8	421	0	0
1.808	1	1	181	9	1	8	421	0	0
1.809	1	1	181	10	1	8	421	0	0
1.81	1	2	182	1	2	20	1191	0	0
1.811	1	2	182	2	2	20	1191	0	0
1.812	1	2	182	3	2	28	2196	0	0
1.813	1	2	182	4	2	28	2196	0	0
1.822	1	2	183	3	2	26	1836	0	0
1.823	1	2	183	4	2	26	1836	0	0
1.824	1	2	183	5	2	2	133	0	0
1.825	1	1	183	6	1	8	421	0	0
1.826	1	2	183	7	2	20	1191	0	0
1.827	1	2	183	8	2	20	1191	0	0
1.828	1	2	183	9	2	18	967	0	0
1.829	1	2	183	10	2	18	967	0	0
1.83	1	2	184	1	2	26	1836	0	0
1.831	1	2	184	2	2	26	1836	0	0
1.832	1	1	184	3	1	16	903	0	0
1.833	1	1	184	4	1	16	903	0	0
1.841	1	2	185	2	2	28	2196	0	0
1.842	1	2	185	3	2	26	1836	0	0
1.843	1	2	185	4	2	26	1836	0	0
1.844	1	2	185	5	2	22	1383	0	0
1.845	1	2	185	6	2	22	1383	0	0
1.85	1	1	186	1	1	14	775	0	0
1.851	1	1	186	2	1	14	775	0	0
1.852	1	1	186	3	1	6	309	0	0
1.853	1	1	186	4	1	6	309	0	0
1.859	1	2	186	10	2	14	775	0	0
1.86	1	2	187	1	2	16	903	0	0
1.861	1	2	187	2	2	16	903	0	0
1.862	1	2	187	3	2	20	1191	0	0
1.863	1	2	187	4	2	20	1191	0	0
1.864	1	2	187	5	2	18	967	0	0
1.865	1	2	187	6	2	18	967	0	0
1.866	1	2	187	7	2	12	597	0	0
1.867	1	2	187	8	2	12	597	0	0
1.868	1	2	187	9	2	6	309	0	0
1.869	1	2	187	10	2	6	309	0	0
1.87	1	2	188	1	2	14	775	0	0
1.871	1	2	188	2	2	14	775	0	0
1.872	1	1	188	3	1	12	597	0	0
1.873	1	1	188	4	1	12	597	0	0
1.874	1	1	188	5	1	4	217	0	0
1.875	1	1	188	6	1	4	217	0	0
1.876	1	1	188	7	1	14	775	0	0
1.878	1	2	188	9	2	22	1383	0	0
1.879	1	2	188	10	2	22	1383	0	0
1.88	1	2	189	1	2	22	1383	0	0
1.881	1	2	189	2	2	22	1383	0	0
1.882	1	2	189	3	2	16	903	0	0
1.883	1	2	189	4	2	16	903	0	0
1.884	1	2	189	5	2	20	1191	0	0
1.885	1	2	189	6	2	20	1191	0	0
1.886	1	2	189	7	2	22	1383	0	0
1.891	1	1	190	2	1	2	133	0	0
1.892	1	1	190	3	1	14	775	0	0
1.893	1	1	190	4	1	14	775	0	0
1.894	1	1	190	5	1	18	967	0	0
1.895	1	1	190	6	1	18	967	0	0
1.897	1	2	190	8	2	20	1191	0	0
1.898	1	2	190	9	2	16	903	0	0
1.899	1	2	190	10	2	16	903	0	0
1.9	1	2	191	1	2	12	597	0	0
1.901	1	2	191	2	2	12	597	0	0
1.902	1	2	191	3	2	20	1191	0	0
1.903	1	2	191	4	2	20	1191	0	0
1.904	1	2	191	5	2	20	1191	0	0
1.905	1	2	191	6	2	20	1191	0	0
1.906	1	2	191	7	2	18	967	0	0
1.907	1	2	191	8	2	18	967	0	0
1.908	1	2	191	9	2	24	1620	0	0
1.911	1	1	192	2	1	10	469	0	0
1.912	1	1	192	3	1	12	597	0	0
1.913	1	1	192	4	1	12	597	0	0
1.914	1	1	192	5	1	6	309	0	0
1.915	1	1	192	6	1	6	309	0	0
1.917	1	2	192	8	2	18	967	0	0
1.918	1	2	192	9	2	10	469	0	0
1.919	1	2	192	10	2	10	469	0	0
1.92	1	2	193	1	2	12	597	0	0
1.921	1	2	193	2	2	12	597	0	0
1.922	1	2	193	3	2	10	469	0	0
1.923	1	2	193	4	2	10	469	0	0
1.924	1	1	193	5	1	14	775	0	0
1.925	1	1	193	6	1	14	775	0	0
1.926	1	2	193	7	2	22	1383	0	0
1.927	1	2	193	8	2	22	1383	0	0
1.928	1	2	193	9	2	20	1191	0	0
1.929	1	2	193	10	2	20	1191	0	0
1.93	1	2	194	1	2	10	469	0	0
1.931	1	2	194	2	2	10	469	0	0
1.932	1	2	194	3	2	22	1383	0	0
1.933	1	1	194	4	1	12	597	0	0
1.934	1	1	194	5	1	16	903	0	0
1.935	1	1	194	6	1	16	903	0	0
1.936	1	2	194	7	2	18	967	0	0
1.937	1	2	194	8	2	18	967	0	0
1.938	1	2	194	9	2	18	967	0	0
1.939	1	2	194	10	2	18	967	0	0
1.94	1	2	195	1	2	10	469	0	0
1.941	1	2	195	2	2	10	469	0	0
1.942	1	2	195	3	2	20	1191	0	0
1.943	1	2	195	4	2	20	1191	0	0
1.944	1	1	195	5	1	10	469	0	0
1.945	1	2	195	6	2	10	469	0	0
1.946	1	2	195	7	2	22	1383	0	0
1.947	1	2	195	8	2	22	1383	0	0
1.948	1	2	195	9	2	22	1383	0	0
1.949	1	2	195	10	2	22	1383	0	0
1.95	1	2	196	1	2	14	775	0	0
1.951	1	2	196	2	2	14	775	0	0
1.952	1	1	196	3	1	12	597	0	0
1.953	1	1	196	4	1	12	597	0	0
1.954	1	1	196	5	1	10	469	0	0
1.955	1	2	196	6	2	20	1191	0	0
1.956	1	2	196	7	2	24	1620	0	0
1.957	1	2	196	8	2	24	1620	0	0
1.958	1	1	196	9	1	14	775	0	0
1.959	1	2	196	10	2	8	421	0	0
1.96	1	2	197	1	2	24	1620	0	0
1.961	1	2	197	2	2	24	1620	0	0
1.962	1	2	197	3	2	20	1191	0	0
1.963	1	2	197	4	2	20	1191	0	0
1.964	1	2	197	5	2	12	597	0	0
1.965	1	2	197	6	2	12	597	0	0
1.966	1	2	197	7	2	20	1191	0	0
1.967	1	2	197	8	2	20	1191	0	0
1.968	1	2	197	9	2	24	1620	0	0
1.969	1	2	197	10	2	24	1620	0	0
1.97	1	2	198	1	2	20	1191	0	0
1.974	1	2	198	5	2	22	1383	0	0
1.975	1	2	198	6	2	22	1383	0	0
1.976	1	2	198	7	2	8	421	0	0
1.977	1	2	198	8	2	8	421	0	0
1.978	1	2	198	9	2	24	1620	0	0
1.979	1	2	198	10	2	24	1620	0	0
1.98	1	2	199	1	2	20	1191	0	0
1.981	1	2	199	2	2	20	1191	0	0
1.982	1	2	199	3	2	24	1620	0	0
1.983	1	2	199	4	2	24	1620	0	0
1.984	1	2	199	5	2	20	1191	0	0
1.985	1	2	199	6	2	20	1191	0	0
1.986	1	2	199	7	2	16	903	0	0
1.987	1	2	199	8	2	16	903	0	0
1.988	1	2	199	9	2	20	1191	0	0
1.993	1	2	200	4	2	22	1383	0	0
1.994	1	2	200	5	2	14	775	0	0
1.995	1	2	200	6	2	14	775	0	0
1.996	1	2	200	7	2	26	1836	0	0
1.997	1	2	200	8	2	26	1836	0	0
1.998	1	2	200	9	2	28	2196	0	0
1.999	1	2	200	10	2	28	2196	0	0
2	1	2	201	1	2	22	1383	0	0
2.001	1	2	201	2	2	22	1383	0	0
2.005	1	2	201	6	2	20	1191	0	0
2.006	1	2	201	7	2	16	903	0	0
2.007	1	2	201	8	2	16	903	0	0
2.011	1	2	202	2	2	14	775	0	0
2.012	1	2	202	3	2	20	1191	0	0
2.013	1	2	202	4	2	20	1191	0	0
2.014	1	2	202	5	2	18	967	0	0
2.015	1	2	202	6	2	18	967	0	0
2.016	1	2	202	7	2	16	903	0	0
2.017	1	2	202	8	2	16	903	0	0
2.018	1	2	202	9	2	28	2196	0	0
2.019	1	2	202	10	2	28	2196	0	0
2.02	1	2	203	1	2	28	2196	0	0
2.021	1	2	203	2	2	28	2196	0	0
2.023	1	2	203	4	2	24	1620	0	0
2.024	1	2	203	5	2	18	967	0	0
2.03	1	2	204	1	2	22	1383	0	0
2.031	1	2	204	2	2	22	1383	0	0
2.032	1	2	204	3	2	12	597	0	0
2.033	1	2	204	4	2	12	597	0	0
2.034	1	2	204	5	2	18	967	0	0
2.035	1	2	204	6	2	18	967	0	0
2.036	1	2	204	7	2	22	1383	0	0
2.037	1	2	204	8	2	22	1383	0	0
2.038	1	2	204	9	2	26	1836	0	0
2.039	1	2	204	10	2	26	1836	0	0
2.04	1	2	205	1	2	26	1836	0	0
2.041	1	2	205	2	2	26	1836	0	0
2.042	1	2	205	3	2	22	1383	0	0
2.043	1	2	205	4	2	22	1383	0	0
2.049	1	2	205	10	2	14	775	0	0
2.05	1	2	206	1	2	18	967	0	0
2.051	1	2	206	2	2	18	967	0	0
2.052	1	2	206	3	2	24	1620	0	0
2.053	1	2	206	4	2	24	1620	0	0
2.054	1	2	206	5	2	22	1383	0	0
2.055	1	2	206	6	2	22	1383	0	0
2.056	1	2	206	7	2	10	469	0	0
2.057	1	2	206	8	2	10	469	0	0
2.058	1	2	206	9	2	20	1191	0	0
2.059	1	2	206	10	2	20	1191	0	0
2.06	1	2	207	1	2	22	1383	0	0
2.061	1	2	207	2	2	22	1383	0	0
2.062	1	2	207	3	2	18	967	0	0
2.063	1	2	207	4	2	18	967	0	0
2.069	1	2	207	10	2	18	967	0	0
2.07	1	2	208	1	2	0	81	0	0
2.071	1	2	208	2	2	0	81	0	0
2.072	1	2	208	3	2	20	1191	0	0
2.073	1	2	208	4	2	20	1191	0	0
2.074	1	2	208	5	2	22	1383	0	0
2.075	1	2	208	6	2	22	1383	0	0
2.076	1	2	208	7	2	22	1383	0	0
2.077	1	2	208	8	2	22	1383	0	0
2.078	1	2	208	9	2	22	1383	0	0
2.079	1	2	208	10	2	22	1383	0	0
2.08	1	2	209	1	2	0	81	0	0
2.081	1	2	209	2	2	0	81	0	0
2.082	1	2	209	3	2	24	1620	0	0
2.089	1	2	209	10	2	18	967	0	0
2.09	1	2	210	1	2	12	597	0	0
2.091	1	2	210	2	2	12	597	0	0
2.092	1	1	210	3	1	16	903	0	0
2.093	1	1	210	4	1	16	903	0	0
2.094	1	1	210	5	1	14	775	0	0
2.095	1	1	210	6	1	14	775	0	0
2.096	1	2	210	7	2	20	1191	0	0
2.097	1	2	210	8	2	20	1191	0	0
2.098	1	2	210	9	2	20	1191	0	0
2.099	1	2	210	10	2	20	1191	0	0
2.1	1	2	211	1	2	14	775	0	0
2.101	1	2	211	2	2	14	775	0	0
2.102	1	2	211	3	2	24	1620	0	0
2.103	1	2	211	4	2	24	1620	0	0
2.104	1	2	211	5	2	18	967	0	0
2.105	1	2	211	6	2	18	967	0	0
2.106	1	1	211	7	1	14	775	0	0
2.107	1	1	211	8	1	14	775	0	0
2.108	1	2	211	9	2	22	1383	0	0
2.109	1	2	211	10	2	22	1383	0	0
2.11	1	1	212	1	1	6	309	0	0
2.111	1	1	212	2	1	6	309	0	0
2.112	1	1	212	3	1	0	81	0	0
2.113	1	1	212	4	1	0	81	0	0
2.114	1	2	212	5	2	24	1620	0	0
2.115	1	2	212	6	2	24	1620	0	0
2.116	1	2	212	7	2	24	1620	0	0
2.117	1	1	212	8	1	10	469	0	0
2.118	1	1	212	9	1	6	309	0	0
2.119	1	1	212	10	1	6	309	0	0
2.12	1	2	213	1	2	20	1191	0	0
2.121	1	2	213	2	2	20	1191	0	0
2.122	1	1	213	3	1	8	421	0	0
2.123	1	1	213	4	1	8	421	0	0
2.124	1	2	213	5	2	20	1191	0	0
2.125	1	1	213	6	1	12	597	0	0
2.126	1	2	213	7	2	22	1383	0	0
2.127	1	2	213	8	2	22	1383	0	0
2.128	1	2	213	9	2	14	775	0	0
2.132	1	2	214	3	2	14	775	0	0
2.133	1	2	214	4	2	14	775	0	0
2.134	1	2	214	5	2	16	903	0	0
2.135	1	2	214	6	2	16	903	0	0
2.138	1	2	214	9	2	12	597	0	0
2.139	1	2	214	10	2	12	597	0	0
2.14	1	2	215	1	2	22	1383	0	0
2.141	1	2	215	2	2	22	1383	0	0
2.142	1	2	215	3	2	24	1620	0	0
2.144	1	2	215	5	2	24	1620	0	0
2.145	1	2	215	6	2	24	1620	0	0
2.146	1	2	215	7	2	22	1383	0	0
2.151	1	2	216	2	2	26	1836	0	0
2.152	1	2	216	3	2	18	967	0	0
2.153	1	2	216	4	2	18	967	0	0
2.154	1	2	216	5	2	16	903	0	0
2.157	1	2	216	8	2	22	1383	0	0
2.158	1	2	216	9	2	22	1383	0	0
2.159	1	2	216	10	2	22	1383	0	0
2.16	1	2	217	1	2	22	1383	0	0
2.164	1	2	217	5	2	14	775	0	0
2.165	1	2	217	6	2	14	775	0	0
2.166	1	2	217	7	2	18	967	0	0
2.17	1	2	218	1	2	18	967	0	0
2.171	1	2	218	2	2	18	967	0	0
2.172	1	2	218	3	2	4	217	0	0
2.173	1	2	218	4	2	4	217	0	0
2.174	1	2	218	5	2	10	469	0	0
2.175	1	2	218	6	2	10	469	0	0
2.176	1	2	218	7	2	2	133	0	0
2.177	1	2	218	8	2	2	133	0	0
2.178	1	2	218	9	2	16	903	0	0
2.179	1	2	218	10	2	16	903	0	0
2.18	1	2	219	1	2	12	597	0	0
2.181	1	2	219	2	2	12	597	0	0
2.182	1	2	219	3	2	14	775	0	0
2.183	1	2	219	4	2	14	775	0	0
2.184	1	2	219	5	2	20	1191	0	0
2.185	1	2	219	6	2	20	1191	0	0
2.186	1	2	219	7	2	24	1620	0	0
2.19	1	2	220	1	2	20	1191	0	0
2.191	1	2	220	2	2	20	1191	0	0
2.196	1	2	220	7	2	22	1383	0	0
2.197	1	2	220	8	2	22	1383	0	0
2.198	1	2	220	9	2	28	2196	0	0
2.199	1	2	220	10	2	28	2196	0	0
2.202	1	2	221	3	2	24	1620	0	0
2.203	1	2	221	4	2	24	1620	0	0
2.208	1	2	221	9	2	24	1620	0	0
2.209	1	2	221	10	2	24	1620	0	0
2.214	1	2	222	5	2	24	1620	0	0
2.215	1	2	222	6	2	24	1620	0	0
2.216	1	2	222	7	2	28	2196	0	0
2.217	1	2	222	8	2	28	2196	0	0
2.221	1	2	223	2	2	14	775	0	0
2.222	1	2	223	3	2	18	967	0	0
2.223	1	2	223	4	2	18	967	0	0
2.226	1	2	223	7	2	18	967	0	0
2.227	1	2	223	8	2	18	967	0	0
2.228	1	2	223	9	2	14	775	0	0
2.229	1	2	223	10	2	14	775	0	0
2.23	1	2	224	1	2	10	469	0	0
2.231	1	2	224	2	2	10	469	0	0
2.232	1	2	224	3	2	18	967	0	0
2.233	1	2	224	4	2	18	967	0	0
2.234	1	2	224	5	2	16	903	0	0
2.235	1	2	224	6	2	16	903	0	0
2.236	1	2	224	7	2	18	967	0	0
2.237	1	2	224	8	2	18	967	0	0
2.238	1	2	224	9	2	22	1383	0	0
2.241	1	2	225	2	2	20	1191	0	0
2.242	1	2	225	3	2	20	1191	0	0
2.246	1	2	225	7	2	20	1191	0	0
2.247	1	2	225	8	2	20	1191	0	0
2.248	1	2	225	9	2	8	421	0	0
2.249	1	2	225	10	2	8	421	0	0
2.25	1	2	226	1	2	24	1620	0	0
2.251	1	2	226	2	2	24	1620	0	0
2.252	1	2	226	3	2	20	1191	0	0
2.253	1	2	226	4	2	20	1191	0	0
2.254	1	2	226	5	2	18	967	0	0
2.255	1	2	226	6	2	18	967	0	0
2.256	1	2	226	7	2	18	967	0	0
2.257	1	2	226	8	2	18	967	0	0
2.258	1	1	226	9	1	14	775	0	0
2.259	1	1	226	10	1	14	775	0	0
2.26	1	2	227	1	2	12	597	0	0
2.261	1	2	227	2	2	12	597	0	0
2.262	1	2	227	3	2	20	1191	0	0
2.263	1	1	227	4	1	14	775	0	0
2.264	1	1	227	5	1	10	469	0	0
2.265	1	2	227	6	2	22	1383	0	0
2.266	1	2	227	7	2	4	217	0	0
2.267	1	2	227	8	2	4	217	0	0
2.268	1	2	227	9	2	24	1620	0	0
2.269	1	2	227	10	2	24	1620	0	0
2.27	1	2	228	1	2	24	1620	0	0
2.271	1	2	228	2	2	24	1620	0	0
2.272	1	2	228	3	2	16	903	0	0
2.273	1	2	228	4	2	16	903	0	0
2.274	1	2	228	5	2	18	967	0	0
2.275	1	2	228	6	2	18	967	0	0
2.276	1	1	228	7	1	8	421	0	0
2.277	1	1	228	8	1	8	421	0	0
2.278	1	1	228	9	1	12	597	0	0
2.279	1	2	228	10	2	14	775	0	0
2.28	1	1	229	1	1	18	967	0	0
2.281	1	1	229	2	1	18	967	0	0
2.282	1	2	229	3	2	16	903	0	0
2.283	1	2	229	4	2	16	903	0	0
2.284	1	2	229	5	2	18	967	0	0
2.285	1	2	229	6	2	18	967	0	0
2.286	1	2	229	7	2	20	1191	0	0
2.287	1	2	229	8	2	20	1191	0	0
2.288	1	2	229	9	2	16	903	0	0
2.289	1	2	229	10	2	16	903	0	0
2.29	1	2	230	1	2	16	903	0	0
2.291	1	2	230	2	2	16	903	0	0
2.292	1	2	230	3	2	22	1383	0	0
2.293	1	1	230	4	1	8	421	0	0
2.296	1	1	230	7	1	6	309	0	0
2.297	1	1	230	8	1	6	309	0	0
2.298	1	1	230	9	1	8	421	0	0
2.3	1	2	231	1	2	4	217	0	0
2.301	1	2	231	2	2	4	217	0	0
2.302	1	2	231	3	2	8	421	0	0
2.303	1	2	231	4	2	8	421	0	0
2.304	1	2	231	5	2	18	967	0	0
2.305	1	2	231	6	2	18	967	0	0
2.306	1	2	231	7	2	22	1383	0	0
2.307	1	2	231	8	2	22	1383	0	0
2.308	1	2	231	9	2	18	967	0	0
2.309	1	2	231	10	2	18	967	0	0
2.31	1	2	232	1	2	14	775	0	0
2.311	1	2	232	2	2	14	775	0	0
2.312	1	2	232	3	2	12	597	0	0
2.313	1	2	232	4	2	12	597	0	0
2.314	1	2	232	5	2	18	967	0	0
2.315	1	2	232	6	2	18	967	0	0
2.322	1	2	233	3	2	10	469	0	0
2.323	1	2	233	4	2	10	469	0	0
2.324	1	2	233	5	2	16	903	0	0
2.325	1	2	233	6	2	16	903	0	0
2.326	1	2	233	7	2	8	421	0	0
2.327	1	2	233	8	2	8	421	0	0
2.328	1	2	233	9	2	10	469	0	0
2.329	1	2	233	10	2	10	469	0	0
2.33	1	2	234	1	2	20	1191	0	0
2.331	1	2	234	2	2	20	1191	0	0
2.332	1	2	234	3	2	20	1191	0	0
2.333	1	2	234	4	2	20	1191	0	0
2.334	1	2	234	5	2	18	967	0	0
2.335	1	2	234	6	2	18	967	0	0
2.336	1	2	234	7	2	14	775	0	0
2.342	1	2	235	3	2	14	775	0	0
2.343	1	2	235	4	2	14	775	0	0
2.344	1	2	235	5	2	26	1836	0	0
2.345	1	2	235	6	2	26	1836	0	0
2.346	1	2	235	7	2	20	1191	0	0
2.347	1	2	235	8	2	20	1191	0	0
2.348	1	2	235	9	2	22	1383	0	0
2.354	1	2	236	5	2	20	1191	0	0
2.361	1	2	237	2	2	22	1383	0	0
2.362	1	2	237	3	2	18	967	0	0
2.363	1	2	237	4	2	18	967	0	0
2.364	1	2	237	5	2	18	967	0	0
2.365	1	2	237	6	2	18	967	0	0
2.366	1	2	237	7	2	12	597	0	0
2.367	1	2	237	8	2	12	597	0	0
2.368	1	2	237	9	2	12	597	0	0
2.369	1	2	237	10	2	12	597	0	0
2.38	1	2	239	1	2	16	903	0	0
2.381	1	2	239	2	2	16	903	0	0
2.382	1	2	239	3	2	6	309	0	0
2.383	1	2	239	4	2	6	309	0	0
2.384	1	2	239	5	2	16	903	0	0
2.385	1	2	239	6	2	16	903	0	0
2.386	1	2	239	7	2	6	309	0	0
2.387	1	2	239	8	2	6	309	0	0
2.388	1	2	239	9	2	12	597	0	0
2.389	1	2	239	10	2	12	597	0	0
2.39	1	2	240	1	2	14	775	0	0
2.399	1	2	240	10	2	12	597	0	0
2.4	1	2	241	1	2	10	469	0	0
2.401	1	2	241	2	2	10	469	0	0
2.402	1	2	241	3	2	24	1620	0	0
2.403	1	2	241	4	2	24	1620	0	0
2.404	1	2	241	5	2	24	1620	0	0
2.405	1	2	241	6	2	24	1620	0	0
2.419	1	2	242	10	2	12	597	0	0
2.42	1	2	243	1	2	22	1383	0	0
2.421	1	2	243	2	2	22	1383	0	0
2.422	1	2	243	3	2	20	1191	0	0
2.423	1	2	243	4	2	20	1191	0	0
2.424	1	2	243	5	2	12	597	0	0
2.425	1	2	243	6	2	12	597	0	0
2.426	1	2	243	7	2	12	597	0	0
2.438	1	2	244	9	2	8	421	0	0
2.439	1	2	244	10	2	8	421	0	0
2.44	1	2	245	1	2	8	421	0	0
2.441	1	2	245	2	2	8	421	0	0
2.442	1	2	245	3	2	12	597	0	0
2.443	1	2	245	4	2	12	597	0	0
2.444	1	2	245	5	2	16	903	0	0
2.445	1	2	245	6	2	16	903	0	0
2.446	1	2	245	7	2	14	775	0	0
2.447	1	2	245	8	2	14	775	0	0
2.448	1	2	245	9	2	18	967	0	0
2.449	1	2	245	10	2	18	967	0	0
2.45	1	2	246	1	2	12	597	0	0
2.46	1	2	247	1	2	20	1191	0	0
2.461	1	2	247	2	2	20	1191	0	0
2.462	1	2	247	3	2	22	1383	0	0
2.463	1	2	247	4	2	22	1383	0	0
2.464	1	2	247	5	2	28	2196	0	0
2.465	1	2	247	6	2	28	2196	0	0
2.466	1	2	247	7	2	20	1191	0	0
2.479	1	2	248	10	2	8	421	0	0
2.48	1	2	249	1	2	20	1191	0	0
2.481	1	2	249	2	2	20	1191	0	0
2.482	1	2	249	3	2	18	967	0	0
2.483	1	2	249	4	2	18	967	0	0
2.484	1	2	249	5	2	6	309	0	0
2.485	1	2	249	6	2	6	309	0	0
2.486	1	2	249	7	2	18	967	0	0
2.487	1	2	249	8	2	18	967	0	0
2.488	1	2	249	9	2	20	1191	0	0
2.489	1	2	249	10	2	20	1191	0	0
2.498	1	2	250	9	2	18	967	0	0
2.499	1	2	250	10	2	18	967	0	0
2.5	1	2	251	1	2	22	1383	0	0
2.501	1	2	251	2	2	22	1383	0	0
2.502	1	2	251	3	2	16	903	0	0
2.503	1	2	251	4	2	16	903	0	0
2.504	1	2	251	5	2	12	597	0	0
2.505	1	2	251	6	2	12	597	0	0
2.506	1	2	251	7	2	14	775	0	0
2.507	1	2	251	8	2	14	775	0	0
2.508	1	2	251	9	2	0	81	0	0
2.509	1	2	251	10	2	0	81	0	0
2.51	1	2	252	1	2	8	421	0	0
2.517	1	2	252	8	2	20	1191	0	0
2.518	1	2	252	9	2	14	775	0	0
2.519	1	2	252	10	2	14	775	0	0
2.52	1	2	253	1	2	14	775	0	0
2.521	1	2	253	2	2	14	775	0	0
2.522	1	2	253	3	2	22	1383	0	0
2.523	1	2	253	4	2	22	1383	0	0
2.524	1	2	253	5	2	20	1191	0	0
2.525	1	2	253	6	2	20	1191	0	0
2.526	1	2	253	7	2	18	967	0	0
2.527	1	2	253	8	2	18	967	0	0
2.537	1	2	254	8	2	12	597	0	0
2.538	1	2	254	9	2	8	421	0	0
2.539	1	2	254	10	2	8	421	0	0
2.54	1	2	255	1	2	20	1191	0	0
2.541	1	2	255	2	2	20	1191	0	0
2.542	1	2	255	3	2	18	967	0	0
2.543	1	2	255	4	2	18	967	0	0
2.544	1	2	255	5	2	14	775	0	0
2.545	1	2	255	6	2	14	775	0	0
2.546	1	2	255	7	2	14	775	0	0
2.547	1	2	255	8	2	14	775	0	0
2.548	1	2	255	9	2	14	775	0	0
2.549	1	2	255	10	2	14	775	0	0
2.55	1	2	256	1	2	16	903	0	0
2.553	1	1	256	4	1	2	133	0	0
2.554	1	1	256	5	1	8	421	0	0
2.555	1	1	256	6	1	8	421	0	0
2.556	1	1	256	7	1	14	775	0	0
2.558	1	2	256	9	2	8	421	0	0
2.559	1	2	256	10	2	8	421	0	0
2.56	1	2	257	1	2	2	133	0	0
2.561	1	2	257	2	2	2	133	0	0
2.562	1	2	257	3	2	2	133	0	0
2.563	1	2	257	4	2	2	133	0	0
2.564	1	2	257	5	2	14	775	0	0
2.565	1	2	257	6	2	14	775	0	0
2.566	1	2	257	7	2	20	1191	0	0
2.567	1	2	257	8	2	20	1191	0	0
2.568	1	2	257	9	2	20	1191	0	0
2.569	1	2	257	10	2	20	1191	0	0
2.57	1	2	258	1	2	14	775	0	0
2.571	1	2	258	2	2	14	775	0	0
2.572	1	2	258	3	2	14	775	0	0
2.573	1	2	258	4	2	14	775	0	0
2.582	1	2	259	3	2	22	1383	0	0
2.583	1	2	259	4	2	22	1383	0	0
2.584	1	2	259	5	2	20	1191	0	0
2.585	1	2	259	6	2	20	1191	0	0
2.586	1	2	259	7	2	10	469	0	0
2.587	1	2	259	8	2	10	469	0	0
2.588	1	2	259	9	2	4	217	0	0
2.589	1	2	259	10	2	4	217	0	0
2.59	1	2	260	1	2	14	775	0	0
2.591	1	2	260	2	2	14	775	0	0
2.592	1	2	260	3	2	20	1191	0	0
2.593	1	2	260	4	2	20	1191	0	0
2.594	1	2	260	5	2	16	903	0	0
2.6	1	2	261	1	2	22	1383	0	0
2.602	1	2	261	3	2	22	1383	0	0
2.603	1	2	261	4	2	22	1383	0	0
2.604	1	2	261	5	2	14	775	0	0
2.605	1	2	261	6	2	14	775	0	0
2.606	1	2	261	7	2	20	1191	0	0
2.611	1	2	262	2	2	20	1191	0	0
2.618	1	2	262	9	2	24	1620	0	0
2.619	1	2	262	10	2	24	1620	0	0
2.62	1	2	263	1	2	22	1383	0	0
2.621	1	2	263	2	2	22	1383	0	0
2.636	1	2	264	7	2	28	2196	0	0
2.637	1	2	264	8	2	28	2196	0	0
2.638	1	2	264	9	2	20	1191	0	0
2.639	1	2	264	10	2	20	1191	0	0
2.654	1	2	266	5	2	16	903	0	0
2.655	1	2	266	6	2	16	903	0	0
2.656	1	2	266	7	2	20	1191	0	0
2.657	1	2	266	8	2	20	1191	0	0
2.658	1	2	266	9	2	20	1191	0	0
2.659	1	2	266	10	2	20	1191	0	0
2.674	1	2	268	5	2	14	775	0	0
2.675	1	2	268	6	2	14	775	0	0
2.676	1	2	268	7	2	22	1383	0	0
2.677	1	2	268	8	2	22	1383	0	0
2.678	1	2	268	9	2	12	597	0	0
2.679	1	2	268	10	2	12	597	0	0
2.68	1	2	269	1	2	14	775	0	0
2.681	1	2	269	2	2	14	775	0	0
2.682	1	2	269	3	2	8	421	0	0
2.683	1	2	269	4	2	8	421	0	0
2.694	1	2	270	5	2	20	1191	0	0
2.695	1	2	270	6	2	20	1191	0	0
2.696	1	2	270	7	2	18	967	0	0
2.697	1	2	270	8	2	18	967	0	0
2.698	1	2	270	9	2	20	1191	0	0
2.699	1	2	270	10	2	20	1191	0	0
2.712	1	2	272	3	2	22	1383	0	0
2.713	1	2	272	4	2	22	1383	0	0
2.714	1	2	272	5	2	26	1836	0	0
2.715	1	2	272	6	2	26	1836	0	0
2.716	1	2	272	7	2	10	469	0	0
2.717	1	2	272	8	2	10	469	0	0
2.718	1	2	272	9	2	24	1620	0	0
2.73	1	2	274	1	2	20	1191	0	0
2.731	1	2	274	2	2	20	1191	0	0
2.732	1	2	274	3	2	20	1191	0	0
2.733	1	2	274	4	2	20	1191	0	0
2.734	1	2	274	5	2	20	1191	0	0
2.735	1	2	274	6	2	20	1191	0	0
2.736	1	2	274	7	2	18	967	0	0
2.737	1	2	274	8	2	18	967	0	0
2.738	1	1	274	9	1	16	903	0	0
2.739	1	1	274	10	1	16	903	0	0
2.74	1	1	275	1	1	12	597	0	0
2.741	1	1	275	2	1	12	597	0	0
2.742	1	1	275	3	1	6	309	0	0
2.743	1	1	275	4	1	6	309	0	0
2.744	1	1	275	5	1	12	597	0	0
2.745	1	1	275	6	1	12	597	0	0
2.746	1	1	275	7	1	16	903	0	0
2.747	1	1	275	8	1	16	903	0	0
2.748	1	1	275	9	1	6	309	0	0
2.749	1	1	275	10	1	6	309	0	0
2.75	1	1	276	1	1	12	597	0	0
2.757	1	1	276	8	1	14	775	0	0
2.758	1	1	276	9	1	12	597	0	0
2.759	1	2	276	10	2	22	1383	0	0
2.76	1	2	277	1	2	24	1620	0	0
2.761	1	2	277	2	2	24	1620	0	0
2.762	1	2	277	3	2	20	1191	0	0
2.763	1	2	277	4	2	20	1191	0	0
2.764	1	1	277	5	1	4	217	0	0
2.765	1	1	277	6	1	4	217	0	0
2.766	1	2	277	7	2	18	967	0	0
2.767	1	2	277	8	2	18	967	0	0
2.768	1	2	277	9	2	16	903	0	0
2.769	1	1	277	10	1	12	597	0	0
2.77	1	1	278	1	1	14	775	0	0
2.771	1	1	278	2	1	14	775	0	0
2.772	1	1	278	3	1	14	775	0	0
2.773	1	1	278	4	1	14	775	0	0
2.774	1	1	278	5	1	10	469	0	0
2.775	1	1	278	6	1	10	469	0	0
2.778	1	1	278	9	1	4	217	0	0
2.779	1	1	278	10	1	4	217	0	0
2.78	1	1	279	1	1	2	133	0	0
2.781	1	1	279	2	1	2	133	0	0
2.782	1	1	279	3	1	8	421	0	0
2.791	1	1	280	2	1	12	597	0	0
2.792	1	1	280	3	1	18	967	0	0
2.793	1	1	280	4	1	18	967	0	0
2.891	1	1	290	2	1	8	421	0	0
2.892	1	2	290	3	2	20	1191	0	0
2.893	1	2	290	4	2	20	1191	0	0
2.894	1	2	290	5	2	20	1191	0	0
2.895	1	2	290	6	2	20	1191	0	0
2.896	1	2	290	7	2	12	597	0	0
2.897	1	2	290	8	2	12	597	0	0
2.898	1	1	290	9	1	6	309	0	0
2.899	1	1	290	10	1	6	309	0	0
2.9	1	2	291	1	2	22	1383	0	0
2.901	1	2	291	2	2	22	1383	0	0
2.902	1	1	291	3	1	18	967	0	0
2.903	1	1	291	4	1	18	967	0	0
2.91	1	2	292	1	2	20	1191	0	0
2.911	1	2	292	2	2	20	1191	0	0
2.912	1	2	292	3	2	20	1191	0	0
2.913	1	2	292	4	2	20	1191	0	0
2.916	1	2	292	7	2	6	309	0	0
2.917	1	2	292	8	2	6	309	0	0
2.918	1	2	292	9	2	14	775	0	0
2.919	1	2	292	10	2	14	775	0	0
2.92	1	2	293	1	2	16	903	0	0
2.921	1	2	293	2	2	16	903	0	0
2.928	1	1	293	9	1	10	469	0	0
2.929	1	2	293	10	2	18	967	0	0
2.93	1	2	294	1	2	22	1383	0	0
2.931	1	2	294	2	2	22	1383	0	0
2.932	1	1	294	3	1	16	903	0	0
2.933	1	1	294	4	1	16	903	0	0
2.934	1	2	294	5	2	22	1383	0	0
2.935	1	2	294	6	2	22	1383	0	0
2.936	1	2	294	7	2	18	967	0	0
2.937	1	2	294	8	2	18	967	0	0
2.938	1	2	294	9	2	20	1191	0	0
2.939	1	2	294	10	2	20	1191	0	0
2.948	1	2	295	9	2	24	1620	0	0
2.949	1	2	295	10	2	24	1620	0	0
2.95	1	2	296	1	2	12	597	0	0
2.951	1	2	296	2	2	12	597	0	0
2.952	1	2	296	3	2	20	1191	0	0
2.953	1	2	296	4	2	20	1191	0	0
2.954	1	2	296	5	2	6	309	0	0
2.955	1	1	296	6	1	8	421	0	0
2.956	1	1	296	7	1	14	775	0	0
2.957	1	1	296	8	1	14	775	0	0
2.958	1	2	296	9	2	8	421	0	0
2.959	1	2	296	10	2	8	421	0	0
2.96	1	2	297	1	2	20	1191	0	0
2.961	1	2	297	2	2	20	1191	0	0
2.962	1	1	297	3	1	6	309	0	0
2.963	1	1	297	4	1	6	309	0	0
2.964	1	2	297	5	2	22	1383	0	0
2.965	1	1	297	6	1	4	217	0	0
2.966	1	1	297	7	1	0	81	0	0
2.967	1	1	297	8	1	0	81	0	0
2.968	1	1	297	9	1	8	421	0	0
3.051	1	1	306	2	1	12	597	0	0
3.052	1	1	306	3	1	10	469	0	0
3.053	1	2	306	4	2	20	1191	0	0
3.054	1	2	306	5	2	14	775	0	0
3.055	1	2	306	6	2	14	775	0	0
3.056	1	2	306	7	2	12	597	0	0
3.057	1	2	306	8	2	12	597	0	0
3.058	1	2	306	9	2	18	967	0	0
3.059	1	2	306	10	2	18	967	0	0
3.06	1	2	307	1	2	20	1191	0	0
3.061	1	2	307	2	2	20	1191	0	0
3.062	1	2	307	3	2	20	1191	0	0
3.063	1	2	307	4	2	20	1191	0	0
3.064	1	2	307	5	2	22	1383	0	0
3.065	1	1	307	6	1	12	597	0	0
3.066	1	1	307	7	1	12	597	0	0
3.067	1	1	307	8	1	12	597	0	0
3.068	1	1	307	9	1	8	421	0	0
3.069	1	1	307	10	1	8	421	0	0
3.07	1	1	308	1	1	4	217	0	0
3.071	1	1	308	2	1	4	217	0	0
3.073	1	2	308	4	2	8	421	0	0
3.074	1	2	308	5	2	18	967	0	0
3.075	1	2	308	6	2	18	967	0	0
3.076	1	2	308	7	2	18	967	0	0
3.077	1	2	308	8	2	18	967	0	0
3.078	1	2	308	9	2	18	967	0	0
3.079	1	2	308	10	2	18	967	0	0
3.08	1	2	309	1	2	18	967	0	0
3.081	1	2	309	2	2	18	967	0	0
3.082	1	2	309	3	2	10	469	0	0
3.083	1	2	309	4	2	10	469	0	0
3.084	1	2	309	5	2	18	967	0	0
3.085	1	2	309	6	2	18	967	0	0
3.086	1	1	309	7	1	6	309	0	0
3.092	1	2	310	3	2	26	1836	0	0
3.093	1	2	310	4	2	26	1836	0	0
3.094	1	2	310	5	2	16	903	0	0
3.095	1	2	310	6	2	16	903	0	0
3.096	1	2	310	7	2	20	1191	0	0
3.097	1	2	310	8	2	20	1191	0	0
3.098	1	2	310	9	2	22	1383	0	0
3.099	1	2	310	10	2	22	1383	0	0
3.1	1	2	311	1	2	22	1383	0	0
3.11	1	2	312	1	2	18	967	0	0
3.111	1	2	312	2	2	18	967	0	0
3.112	1	2	312	3	2	20	1191	0	0
3.113	1	2	312	4	2	20	1191	0	0
3.114	1	2	312	5	2	16	903	0	0
3.115	1	2	312	6	2	16	903	0	0
3.116	1	2	312	7	2	12	597	0	0
3.117	1	2	312	8	2	12	597	0	0
3.118	1	2	312	9	2	14	775	0	0
3.119	1	2	312	10	2	14	775	0	0
3.12	1	2	313	1	2	20	1191	0	0
3.121	1	2	313	2	2	20	1191	0	0
3.122	1	2	313	3	2	22	1383	0	0
3.123	1	2	313	4	2	22	1383	0	0
3.13	1	2	314	1	2	14	775	0	0
3.131	1	2	314	2	2	14	775	0	0
3.132	1	2	314	3	2	18	967	0	0
3.133	1	2	314	4	2	18	967	0	0
3.134	1	2	314	5	2	20	1191	0	0
3.135	1	2	314	6	2	20	1191	0	0
3.136	1	2	314	7	2	8	421	0	0
3.137	1	2	314	8	2	8	421	0	0
3.138	1	2	314	9	2	20	1191	0	0
3.139	1	2	314	10	2	20	1191	0	0
3.14	1	2	315	1	2	18	967	0	0
3.141	1	2	315	2	2	18	967	0	0
3.142	1	2	315	3	2	20	1191	0	0
3.143	1	2	315	4	2	20	1191	0	0
3.144	1	2	315	5	2	12	597	0	0
3.15	1	2	316	1	2	20	1191	0	0
3.151	1	2	316	2	2	20	1191	0	0
3.152	1	2	316	3	2	16	903	0	0
3.153	1	2	316	4	2	16	903	0	0
3.154	1	2	316	5	2	14	775	0	0
3.155	1	2	316	6	2	14	775	0	0
3.156	1	2	316	7	2	22	1383	0	0
3.157	1	2	316	8	2	22	1383	0	0
3.158	1	2	316	9	2	20	1191	0	0
3.159	1	2	316	10	2	20	1191	0	0
3.16	1	2	317	1	2	8	421	0	0
3.161	1	2	317	2	2	8	421	0	0
3.162	1	2	317	3	2	20	1191	0	0
3.163	1	2	317	4	2	20	1191	0	0
3.164	1	2	317	5	2	6	309	0	0
3.165	1	2	317	6	2	6	309	0	0
3.166	1	2	317	7	2	22	1383	0	0
3.168	1	2	317	9	2	14	775	0	0
3.169	1	2	317	10	2	14	775	0	0
3.17	1	2	318	1	2	22	1383	0	0
3.171	1	2	318	2	2	22	1383	0	0
3.172	1	2	318	3	2	16	903	0	0
3.173	1	2	318	4	2	16	903	0	0
3.174	1	2	318	5	2	22	1383	0	0
3.175	1	2	318	6	2	22	1383	0	0
3.176	1	2	318	7	2	26	1836	0	0
3.177	1	2	318	8	2	26	1836	0	0
3.178	1	2	318	9	2	6	309	0	0
3.179	1	2	318	10	2	6	309	0	0
3.18	1	2	319	1	2	26	1836	0	0
3.181	1	2	319	2	2	26	1836	0	0
3.187	1	2	319	8	2	6	309	0	0
3.188	1	2	319	9	2	10	469	0	0
3.189	1	2	319	10	2	10	469	0	0
3.19	1	2	320	1	2	10	469	0	0
3.191	1	2	320	2	2	10	469	0	0
3.192	1	2	320	3	2	14	775	0	0
3.193	1	2	320	4	2	14	775	0	0
3.194	1	2	320	5	2	22	1383	0	0
3.195	1	2	320	6	2	22	1383	0	0
3.196	1	2	320	7	2	22	1383	0	0
3.197	1	2	320	8	2	22	1383	0	0
3.198	1	2	320	9	2	14	775	0	0
3.199	1	2	320	10	2	14	775	0	0
3.2	1	2	321	1	2	4	217	0	0
3.201	1	2	321	2	2	4	217	0	0
3.202	1	2	321	3	2	20	1191	0	0
3.203	1	2	321	4	2	20	1191	0	0
3.211	1	1	322	2	1	12	597	0	0
3.212	1	1	322	3	1	16	903	0	0
3.213	1	2	322	4	2	20	1191	0	0
3.214	1	2	322	5	2	22	1383	0	0
3.215	1	2	322	6	2	22	1383	0	0
3.216	1	2	322	7	2	20	1191	0	0
3.217	1	2	322	8	2	20	1191	0	0
3.218	1	2	322	9	2	22	1383	0	0
3.219	1	2	322	10	2	22	1383	0	0
3.22	1	1	323	1	1	18	967	0	0
3.221	1	1	323	2	1	18	967	0	0
3.222	1	2	323	3	2	16	903	0	0
3.223	1	2	323	4	2	16	903	0	0
3.224	1	2	323	5	2	20	1191	0	0
3.225	1	1	323	6	1	14	775	0	0
3.226	1	1	323	7	1	16	903	0	0
3.231	1	2	324	2	2	18	967	0	0
3.232	1	2	324	3	2	14	775	0	0
3.233	1	2	324	4	2	14	775	0	0
3.234	1	2	324	5	2	16	903	0	0
3.235	1	2	324	6	2	16	903	0	0
3.236	1	2	324	7	2	14	775	0	0
3.237	1	2	324	8	2	14	775	0	0
3.238	1	1	324	9	1	8	421	0	0
3.239	1	1	324	10	1	8	421	0	0
3.24	1	1	325	1	1	12	597	0	0
3.241	1	1	325	2	1	12	597	0	0
3.242	1	1	325	3	1	8	421	0	0
3.243	1	1	325	4	1	8	421	0	0
3.244	1	1	325	5	1	12	597	0	0
3.245	1	1	325	6	1	12	597	0	0
3.246	1	1	325	7	1	10	469	0	0
3.247	1	1	325	8	1	10	469	0	0
3.248	1	1	325	9	1	16	903	0	0
3.25	1	2	326	1	2	18	967	0	0
3.251	1	2	326	2	2	18	967	0	0
3.252	1	2	326	3	2	18	967	0	0
3.253	1	2	326	4	2	18	967	0	0
3.254	1	2	326	5	2	18	967	0	0
3.255	1	2	326	6	2	18	967	0	0
3.256	1	2	326	7	2	18	967	0	0
3.26	1	1	327	1	1	4	217	0	0
3.261	1	1	327	2	1	4	217	0	0
3.262	1	1	327	3	1	16	903	0	0
3.263	1	1	327	4	1	16	903	0	0
3.264	1	1	327	5	1	8	421	0	0
3.265	1	1	327	6	1	8	421	0	0
3.266	1	1	327	7	1	8	421	0	0
3.267	1	1	327	8	1	8	421	0	0
3.268	1	1	327	9	1	6	309	0	0
3.269	1	2	327	10	2	18	967	0	0
3.27	1	1	328	1	1	12	597	0	0
3.271	1	2	328	2	2	6	309	0	0
3.272	1	2	328	3	2	10	469	0	0
3.273	1	2	328	4	2	10	469	0	0
3.274	1	2	328	5	2	12	597	0	0
3.275	1	2	328	6	2	12	597	0	0
3.276	1	2	328	7	2	22	1383	0	0
3.277	1	2	328	8	2	22	1383	0	0
3.278	1	2	328	9	2	22	1383	0	0
3.28	1	1	329	1	1	12	597	0	0
3.281	1	1	329	2	1	12	597	0	0
3.282	1	1	329	3	1	8	421	0	0
3.283	1	1	329	4	1	8	421	0	0
3.284	1	1	329	5	1	2	133	0	0
3.285	1	1	329	6	1	2	133	0	0
3.286	1	1	329	7	1	6	309	0	0
3.287	1	1	329	8	1	6	309	0	0
3.288	1	1	329	9	1	4	217	0	0
3.289	1	1	329	10	1	4	217	0	0
3.29	1	1	330	1	1	4	217	0	0
3.291	1	1	330	2	1	4	217	0	0
3.292	1	1	330	3	1	8	421	0	0
3.293	1	1	330	4	1	8	421	0	0
3.294	1	1	330	5	1	6	309	0	0
3.295	1	1	330	6	1	6	309	0	0
3.296	1	1	330	7	1	0	81	0	0
3.297	1	1	330	8	1	0	81	0	0
3.299	1	1	330	10	1	12	597	0	0
3.3	1	1	331	1	1	12	597	0	0
3.301	1	1	331	2	1	12	597	0	0
3.302	1	1	331	3	1	8	421	0	0
3.373	1	2	338	4	2	10	469	0	0
3.374	1	2	338	5	2	14	775	0	0
3.375	1	2	338	6	2	14	775	0	0
3.376	1	2	338	7	2	14	775	0	0
3.377	1	2	338	8	2	14	775	0	0
3.378	1	2	338	9	2	16	903	0	0
3.379	1	2	338	10	2	16	903	0	0
3.38	1	2	339	1	2	22	1383	0	0
3.392	1	2	340	3	2	20	1191	0	0
3.393	1	2	340	4	2	20	1191	0	0
3.394	1	2	340	5	2	20	1191	0	0
3.395	1	2	340	6	2	20	1191	0	0
3.396	1	2	340	7	2	18	967	0	0
3.397	1	2	340	8	2	18	967	0	0
3.398	1	2	340	9	2	20	1191	0	0
3.41	1	2	342	1	2	14	775	0	0
3.411	1	2	342	2	2	14	775	0	0
3.412	1	2	342	3	2	22	1383	0	0
3.413	1	2	342	4	2	22	1383	0	0
3.414	1	2	342	5	2	20	1191	0	0
3.415	1	2	342	6	2	20	1191	0	0
3.416	1	2	342	7	2	18	967	0	0
3.417	1	2	342	8	2	18	967	0	0
3.43	1	2	344	1	2	8	421	0	0
3.431	1	2	344	2	2	8	421	0	0
3.432	1	2	344	3	2	22	1383	0	0
3.433	1	2	344	4	2	22	1383	0	0
3.434	1	2	344	5	2	26	1836	0	0
3.435	1	2	344	6	2	26	1836	0	0
3.436	1	2	344	7	2	22	1383	0	0
3.437	1	2	344	8	2	22	1383	0	0
3.45	1	2	346	1	2	22	1383	0	0
3.451	1	2	346	2	2	22	1383	0	0
3.452	1	2	346	3	2	16	903	0	0
3.453	1	2	346	4	2	16	903	0	0
3.454	1	2	346	5	2	2	133	0	0
3.455	1	2	346	6	2	2	133	0	0
3.456	1	2	346	7	2	16	903	0	0
3.457	1	2	346	8	2	16	903	0	0
3.458	1	2	346	9	2	12	597	0	0
3.459	1	2	346	10	2	12	597	0	0
3.46	1	2	347	1	2	20	1191	0	0
3.468	1	2	347	9	2	18	967	0	0
3.469	1	2	347	10	2	18	967	0	0
3.47	1	2	348	1	2	18	967	0	0
3.471	1	2	348	2	2	18	967	0	0
3.472	1	2	348	3	2	18	967	0	0
3.473	1	2	348	4	2	18	967	0	0
3.474	1	2	348	5	2	18	967	0	0
3.475	1	2	348	6	2	18	967	0	0
3.476	1	2	348	7	2	22	1383	0	0
3.487	1	2	349	8	2	18	967	0	0
3.488	1	2	349	9	2	14	775	0	0
3.489	1	2	349	10	2	14	775	0	0
3.49	1	2	350	1	2	22	1383	0	0
3.491	1	2	350	2	2	22	1383	0	0
3.492	1	2	350	3	2	16	903	0	0
3.493	1	2	350	4	2	16	903	0	0
3.494	1	2	350	5	2	20	1191	0	0
3.495	1	2	350	6	2	20	1191	0	0
3.496	1	2	350	7	2	16	903	0	0
3.506	1	2	351	7	2	18	967	0	0
3.507	1	2	351	8	2	18	967	0	0
3.508	1	2	351	9	2	14	775	0	0
3.509	1	2	351	10	2	14	775	0	0
3.51	1	2	352	1	2	14	775	0	0
3.511	1	2	352	2	2	14	775	0	0
3.512	1	2	352	3	2	20	1191	0	0
3.513	1	2	352	4	2	20	1191	0	0
3.514	1	2	352	5	2	18	967	0	0
3.515	1	2	352	6	2	18	967	0	0
3.516	1	2	352	7	2	16	903	0	0
3.517	1	2	352	8	2	16	903	0	0
3.531	1	1	354	2	1	14	775	0	0
3.532	1	1	354	3	1	14	775	0	0
3.533	1	2	354	4	2	22	1383	0	0
3.534	1	2	354	5	2	20	1191	0	0
3.535	1	2	354	6	2	20	1191	0	0
3.536	1	2	354	7	2	14	775	0	0
3.537	1	2	354	8	2	14	775	0	0
3.538	1	2	354	9	2	22	1383	0	0
3.539	1	2	354	10	2	22	1383	0	0
3.54	1	2	355	1	2	20	1191	0	0
3.541	1	2	355	2	2	20	1191	0	0
3.542	1	2	355	3	2	14	775	0	0
3.543	1	2	355	4	2	14	775	0	0
3.544	1	1	355	5	1	6	309	0	0
3.545	1	1	355	6	1	6	309	0	0
3.546	1	1	355	7	1	2	133	0	0
3.547	1	1	355	8	1	2	133	0	0
3.548	1	1	355	9	1	16	903	0	0
3.549	1	1	355	10	1	16	903	0	0
3.55	1	1	356	1	1	18	967	0	0
3.551	1	1	356	2	1	18	967	0	0
3.552	1	1	356	3	1	10	469	0	0
3.563	1	1	357	4	1	16	903	0	0
3.564	1	2	357	5	2	20	1191	0	0
3.565	1	2	357	6	2	20	1191	0	0
3.566	1	2	357	7	2	20	1191	0	0
3.567	1	2	357	8	2	20	1191	0	0
3.568	1	1	357	9	1	14	775	0	0
3.569	1	1	357	10	1	14	775	0	0
3.57	1	2	358	1	2	18	967	0	0
3.571	1	2	358	2	2	18	967	0	0
3.572	1	2	358	3	2	18	967	0	0
3.573	1	2	358	4	2	18	967	0	0
3.574	1	2	358	5	2	16	903	0	0
3.575	1	2	358	6	2	16	903	0	0
3.576	1	2	358	7	2	2	133	0	0
3.577	1	2	358	8	2	2	133	0	0
3.582	1	1	359	3	1	10	469	0	0
3.583	1	2	359	4	2	20	1191	0	0
3.584	1	2	359	5	2	18	967	0	0
3.585	1	2	359	6	2	18	967	0	0
3.586	1	2	359	7	2	22	1383	0	0
3.587	1	2	359	8	2	22	1383	0	0
3.588	1	2	359	9	2	18	967	0	0
3.589	1	2	359	10	2	18	967	0	0
3.59	1	2	360	1	2	22	1383	0	0
3.591	1	2	360	2	2	22	1383	0	0
3.592	1	2	360	3	2	22	1383	0	0
3.593	1	1	360	4	1	18	967	0	0
3.594	1	1	360	5	1	12	597	0	0
3.595	1	1	360	6	1	12	597	0	0
3.6	1	1	361	1	1	12	597	0	0
3.601	1	1	361	2	1	12	597	0	0
3.602	1	1	361	3	1	16	903	0	0
3.603	1	1	361	4	1	16	903	0	0
3.604	1	1	361	5	1	14	775	0	0
3.605	1	1	361	6	1	14	775	0	0
3.606	1	1	361	7	1	4	217	0	0
3.607	1	1	361	8	1	4	217	0	0
3.613	1	2	362	4	2	22	1383	0	0
3.614	1	2	362	5	2	22	1383	0	0
3.615	1	2	362	6	2	22	1383	0	0
3.616	1	2	362	7	2	18	967	0	0
3.617	1	2	362	8	2	18	967	0	0
3.618	1	2	362	9	2	14	775	0	0
3.619	1	2	362	10	2	14	775	0	0
3.62	1	2	363	1	2	18	967	0	0
3.621	1	2	363	2	2	18	967	0	0
3.622	1	2	363	3	2	22	1383	0	0
3.623	1	2	363	4	2	22	1383	0	0
3.624	1	2	363	5	2	16	903	0	0
3.632	1	2	364	3	2	16	903	0	0
3.633	1	2	364	4	2	16	903	0	0
3.634	1	2	364	5	2	18	967	0	0
3.635	1	2	364	6	2	18	967	0	0
3.636	1	2	364	7	2	22	1383	0	0
3.637	1	2	364	8	2	22	1383	0	0
3.638	1	2	364	9	2	20	1191	0	0
3.639	1	2	364	10	2	20	1191	0	0
3.64	1	2	365	1	2	10	469	0	0
3.641	1	2	365	2	2	10	469	0	0
3.642	1	2	365	3	2	18	967	0	0
3.643	1	2	365	4	2	18	967	0	0
3.644	1	2	365	5	2	14	775	0	0
3.645	1	2	365	6	2	14	775	0	0
3.646	1	2	365	7	2	14	775	0	0
3.652	1	2	366	3	2	14	775	0	0
3.653	1	2	366	4	2	14	775	0	0
3.654	1	2	366	5	2	6	309	0	0
3.655	1	2	366	6	2	6	309	0	0
3.656	1	2	366	7	2	18	967	0	0
3.657	1	2	366	8	2	18	967	0	0
3.658	1	2	366	9	2	20	1191	0	0
3.659	1	2	366	10	2	20	1191	0	0
3.66	1	2	367	1	2	18	967	0	0
3.661	1	2	367	2	2	18	967	0	0
3.662	1	2	367	3	2	14	775	0	0
3.663	1	2	367	4	2	14	775	0	0
3.664	1	2	367	5	2	18	967	0	0
3.665	1	2	367	6	2	18	967	0	0
3.666	1	2	367	7	2	20	1191	0	0
3.671	1	2	368	2	2	18	967	0	0
3.672	1	2	368	3	2	20	1191	0	0
3.673	1	2	368	4	2	20	1191	0	0
3.674	1	2	368	5	2	22	1383	0	0
3.675	1	2	368	6	2	22	1383	0	0
3.676	1	2	368	7	2	24	1620	0	0
3.677	1	2	368	8	2	24	1620	0	0
3.678	1	2	368	9	2	20	1191	0	0
3.679	1	2	368	10	2	20	1191	0	0
3.68	1	2	369	1	2	20	1191	0	0
3.683	1	2	369	4	2	24	1620	0	0
3.684	1	2	369	5	2	6	309	0	0
3.685	1	2	369	6	2	6	309	0	0
3.686	1	2	369	7	2	22	1383	0	0
3.69	1	2	370	1	2	24	1620	0	0
3.691	1	2	370	2	2	24	1620	0	0
3.692	1	2	370	3	2	22	1383	0	0
3.693	1	2	370	4	2	22	1383	0	0
3.694	1	2	370	5	2	18	967	0	0
3.695	1	2	370	6	2	18	967	0	0
3.696	1	2	370	7	2	24	1620	0	0
3.697	1	2	370	8	2	24	1620	0	0
3.698	1	1	370	9	1	16	903	0	0
3.699	1	1	370	10	1	16	903	0	0
3.7	1	1	371	1	1	10	469	0	0
3.701	1	1	371	2	1	10	469	0	0
3.702	1	1	371	3	1	4	217	0	0
3.703	1	1	371	4	1	4	217	0	0
3.704	1	1	371	5	1	16	903	0	0
3.705	1	1	371	6	1	16	903	0	0
3.706	1	1	371	7	1	14	775	0	0
3.707	1	1	371	8	1	14	775	0	0
3.717	1	1	372	8	1	14	775	0	0
3.718	1	1	372	9	1	12	597	0	0
3.719	1	1	372	10	1	12	597	0	0
3.72	1	1	373	1	1	2	133	0	0
3.721	1	1	373	2	1	2	133	0	0
3.722	1	1	373	3	1	6	309	0	0
3.723	1	1	373	4	1	6	309	0	0
3.724	1	1	373	5	1	4	217	0	0
3.725	1	1	373	6	1	4	217	0	0
3.726	1	1	373	7	1	4	217	0	0
3.727	1	1	373	8	1	4	217	0	0
3.728	1	1	373	9	1	2	133	0	0
3.729	1	1	373	10	1	2	133	0	0
3.73	1	1	374	1	1	0	81	0	0
3.731	1	1	374	2	1	0	81	0	0
3.732	1	1	374	3	1	6	309	0	0
3.733	1	1	374	4	1	6	309	0	0
3.734	1	1	374	5	1	14	775	0	0
3.735	1	1	374	6	1	14	775	0	0
3.736	1	1	374	7	1	4	217	0	0
3.737	1	1	374	8	1	4	217	0	0
3.738	1	1	374	9	1	12	597	0	0
3.739	1	1	374	10	1	12	597	0	0
3.74	1	1	375	1	1	14	775	0	0
3.741	1	1	375	2	1	14	775	0	0
3.742	1	1	375	3	1	4	217	0	0
3.743	1	1	375	4	1	4	217	0	0
3.744	1	1	375	5	1	14	775	0	0
3.745	1	1	375	6	1	14	775	0	0
3.746	1	1	375	7	1	4	217	0	0
3.747	1	1	375	8	1	4	217	0	0
3.752	1	1	376	3	1	10	469	0	0
3.753	1	1	376	4	1	10	469	0	0
3.754	1	1	376	5	1	12	597	0	0
3.755	1	1	376	6	1	12	597	0	0
3.756	1	1	376	7	1	14	775	0	0
3.757	1	1	376	8	1	14	775	0	0
3.758	1	1	376	9	1	12	597	0	0
3.759	1	1	376	10	1	12	597	0	0
3.76	1	1	377	1	1	4	217	0	0
3.761	1	1	377	2	1	4	217	0	0
3.762	1	1	377	3	1	14	775	0	0
3.763	1	1	377	4	1	14	775	0	0
3.764	1	1	377	5	1	14	775	0	0
3.765	1	1	377	6	1	14	775	0	0
3.766	1	1	377	7	1	16	903	0	0
3.767	1	1	377	8	1	16	903	0	0
3.768	1	1	377	9	1	16	903	0	0
3.769	1	1	377	10	1	16	903	0	0
3.774	1	1	378	5	1	4	217	0	0
3.775	1	1	378	6	1	4	217	0	0
3.776	1	1	378	7	1	14	775	0	0
3.777	1	1	378	8	1	14	775	0	0
3.778	1	1	378	9	1	8	421	0	0
3.779	1	1	378	10	1	8	421	0	0
3.78	1	1	379	1	1	18	967	0	0
3.781	1	1	379	2	1	18	967	0	0
3.782	1	1	379	3	1	12	597	0	0
3.783	1	1	379	4	1	12	597	0	0
3.784	1	1	379	5	1	10	469	0	0
3.785	1	1	379	6	1	10	469	0	0
3.786	1	1	379	7	1	14	775	0	0
3.787	1	1	379	8	1	14	775	0	0
3.788	1	1	379	9	1	2	133	0	0
3.789	1	1	379	10	1	2	133	0	0
3.79	1	1	380	1	1	6	309	0	0
3.791	1	1	380	2	1	6	309	0	0
3.792	1	1	380	3	1	12	597	0	0
3.796	1	1	380	7	1	8	421	0	0
3.797	1	1	380	8	1	8	421	0	0
3.798	1	1	380	9	1	8	421	0	0
3.799	1	1	380	10	1	8	421	0	0
3.8	1	1	381	1	1	6	309	0	0
3.801	1	1	381	2	1	6	309	0	0
3.802	1	1	381	3	1	12	597	0	0
3.803	1	1	381	4	1	12	597	0	0
3.804	1	1	381	5	1	8	421	0	0
3.805	1	1	381	6	1	8	421	0	0
3.806	1	1	381	7	1	10	469	0	0
3.807	1	1	381	8	1	10	469	0	0
3.808	1	1	381	9	1	6	309	0	0
3.809	1	1	381	10	1	6	309	0	0
3.81	1	1	382	1	1	4	217	0	0
3.811	1	1	382	2	1	4	217	0	0
3.812	1	1	382	3	1	2	133	0	0
3.813	1	1	382	4	1	2	133	0	0
3.814	1	1	382	5	1	10	469	0	0
3.815	1	1	382	6	1	10	469	0	0
3.816	1	1	382	7	1	18	967	0	0
3.817	1	1	382	8	1	18	967	0	0
3.851	1	1	386	2	1	12	597	0	0
3.852	1	1	386	3	1	10	469	0	0
3.853	1	1	386	4	1	10	469	0	0
3.854	1	1	386	5	1	10	469	0	0
3.855	1	2	386	6	2	18	967	0	0
3.856	1	1	386	7	1	8	421	0	0
3.857	1	1	386	8	1	8	421	0	0
3.858	1	2	386	9	2	16	903	0	0
3.859	1	2	386	10	2	16	903	0	0
3.86	1	2	387	1	2	18	967	0	0
3.861	1	2	387	2	2	18	967	0	0
3.862	1	2	387	3	2	22	1383	0	0
3.863	1	2	387	4	2	22	1383	0	0
3.864	1	2	387	5	2	22	1383	0	0
3.865	1	2	387	6	2	22	1383	0	0
3.866	1	2	387	7	2	12	597	0	0
3.867	1	2	387	8	2	12	597	0	0
3.868	1	1	387	9	1	10	469	0	0
3.869	1	1	387	10	1	10	469	0	0
3.87	1	2	388	1	2	16	903	0	0
3.871	1	2	388	2	2	16	903	0	0
3.872	1	1	388	3	1	2	133	0	0
3.873	1	1	388	4	1	2	133	0	0
3.874	1	1	388	5	1	4	217	0	0
3.875	1	1	388	6	1	4	217	0	0
3.876	1	1	388	7	1	8	421	0	0
3.877	1	2	388	8	2	12	597	0	0
3.878	1	2	388	9	2	22	1383	0	0
3.879	1	2	388	10	2	22	1383	0	0
3.88	1	2	389	1	2	24	1620	0	0
3.881	1	2	389	2	2	24	1620	0	0
3.882	1	1	389	3	1	14	775	0	0
3.883	1	1	389	4	1	14	775	0	0
3.884	1	2	389	5	2	22	1383	0	0
3.885	1	2	389	6	2	22	1383	0	0
3.886	1	2	389	7	2	22	1383	0	0
3.887	1	2	389	8	2	22	1383	0	0
3.888	1	2	389	9	2	18	967	0	0
3.889	1	1	389	10	1	6	309	0	0
3.89	1	1	390	1	1	4	217	0	0
3.891	1	1	390	2	1	4	217	0	0
3.892	1	1	390	3	1	12	597	0	0
3.893	1	1	390	4	1	12	597	0	0
3.894	1	1	390	5	1	14	775	0	0
3.895	1	1	390	6	1	14	775	0	0
3.896	1	2	390	7	2	24	1620	0	0
3.897	1	2	390	8	2	24	1620	0	0
3.898	1	2	390	9	2	14	775	0	0
3.899	1	2	390	10	2	14	775	0	0
3.9	1	2	391	1	2	20	1191	0	0
3.901	1	1	391	2	1	4	217	0	0
3.902	1	1	391	3	1	4	217	0	0
3.903	1	1	391	4	1	4	217	0	0
3.904	1	1	391	5	1	6	309	0	0
3.905	1	1	391	6	1	6	309	0	0
3.906	1	1	391	7	1	8	421	0	0
3.907	1	1	391	8	1	8	421	0	0
3.908	1	1	391	9	1	10	469	0	0
3.909	1	1	391	10	1	10	469	0	0
3.91	1	1	392	1	1	10	469	0	0
3.911	1	1	392	2	1	10	469	0	0
3.912	1	1	392	3	1	0	81	0	0
3.913	1	1	392	4	1	0	81	0	0
3.914	1	2	392	5	2	22	1383	0	0
3.915	1	2	392	6	2	22	1383	0	0
3.916	1	2	392	7	2	16	903	0	0
3.917	1	2	392	8	2	16	903	0	0
3.918	1	2	392	9	2	24	1620	0	0
3.919	1	2	392	10	2	24	1620	0	0
3.92	1	1	393	1	1	8	421	0	0
3.921	1	1	393	2	1	8	421	0	0
3.922	1	1	393	3	1	10	469	0	0
3.923	1	1	393	4	1	10	469	0	0
3.924	1	1	393	5	1	4	217	0	0
3.925	1	1	393	6	1	4	217	0	0
3.926	1	1	393	7	1	2	133	0	0
3.927	1	1	393	8	1	2	133	0	0
3.928	1	1	393	9	1	8	421	0	0
3.929	1	1	393	10	1	8	421	0	0
3.93	1	1	394	1	1	12	597	0	0
3.931	1	1	394	2	1	12	597	0	0
3.932	1	2	394	3	2	18	967	0	0
3.933	1	2	394	4	2	18	967	0	0
3.934	1	2	394	5	2	12	597	0	0
3.935	1	2	394	6	2	12	597	0	0
3.936	1	1	394	7	1	12	597	0	0
3.937	1	1	394	8	1	12	597	0	0
3.938	1	1	394	9	1	8	421	0	0
3.939	1	1	394	10	1	8	421	0	0
3.94	1	2	395	1	2	6	309	0	0
3.941	1	2	395	2	2	6	309	0	0
3.942	1	2	395	3	2	12	597	0	0
3.943	1	2	395	4	2	12	597	0	0
3.944	1	2	395	5	2	18	967	0	0
3.945	1	2	395	6	2	18	967	0	0
3.951	1	2	396	2	2	18	967	0	0
3.952	1	2	396	3	2	20	1191	0	0
3.953	1	2	396	4	2	20	1191	0	0
3.954	1	2	396	5	2	18	967	0	0
3.955	1	2	396	6	2	18	967	0	0
3.956	1	2	396	7	2	18	967	0	0
3.958	1	2	396	9	2	20	1191	0	0
3.959	1	2	396	10	2	20	1191	0	0
3.97	1	2	398	1	2	2	133	0	0
3.971	1	2	398	2	2	2	133	0	0
3.972	1	2	398	3	2	8	421	0	0
3.973	1	2	398	4	2	8	421	0	0
3.974	1	2	398	5	2	8	421	0	0
3.975	1	2	398	6	2	8	421	0	0
3.976	1	2	398	7	2	18	967	0	0
3.977	1	2	398	8	2	18	967	0	0
3.978	1	2	398	9	2	16	903	0	0
3.979	1	2	398	10	2	16	903	0	0
3.98	1	2	399	1	2	14	775	0	0
3.981	1	2	399	2	2	14	775	0	0
3.982	1	2	399	3	2	24	1620	0	0
3.994	1	2	400	5	2	6	309	0	0
3.995	1	2	400	6	2	6	309	0	0
3.996	1	2	400	7	2	12	597	0	0
3.997	1	2	400	8	2	12	597	0	0
3.998	1	2	400	9	2	14	775	0	0
3.999	1	2	400	10	2	14	775	0	0
4	1	2	401	1	2	10	469	0	0
4.001	1	2	401	2	2	10	469	0	0
4.002	1	2	401	3	2	24	1620	0	0
4.003	1	2	401	4	2	24	1620	0	0
4.004	1	2	401	5	2	28	2196	0	0
4.011	1	1	402	2	1	0	81	0	0
4.012	1	1	402	3	1	10	469	0	0
4.013	1	1	402	4	1	10	469	0	0
4.014	1	1	402	5	1	14	775	0	0
4.015	1	1	402	6	1	14	775	0	0
4.016	1	2	402	7	2	12	597	0	0
4.017	1	2	402	8	2	12	597	0	0
4.018	1	2	402	9	2	16	903	0	0
4.019	1	2	402	10	2	16	903	0	0
4.02	1	2	403	1	2	10	469	0	0
4.021	1	2	403	2	2	10	469	0	0
4.022	1	1	403	3	1	12	597	0	0
4.023	1	1	403	4	1	12	597	0	0
4.024	1	2	403	5	2	18	967	0	0
4.025	1	2	403	6	2	18	967	0	0
4.026	1	2	403	7	2	20	1191	0	0
4.027	1	2	403	8	2	20	1191	0	0
4.028	1	1	403	9	1	18	967	0	0
4.029	1	1	403	10	1	18	967	0	0
4.03	1	2	404	1	2	20	1191	0	0
4.031	1	1	404	2	1	14	775	0	0
4.032	1	1	404	3	1	6	309	0	0
4.033	1	1	404	4	1	6	309	0	0
4.034	1	1	404	5	1	14	775	0	0
4.035	1	1	404	6	1	14	775	0	0
4.036	1	1	404	7	1	10	469	0	0
4.037	1	1	404	8	1	10	469	0	0
4.038	1	1	404	9	1	18	967	0	0
4.039	1	1	404	10	1	18	967	0	0
4.04	1	2	405	1	2	18	967	0	0
4.041	1	2	405	2	2	18	967	0	0
4.042	1	1	405	3	1	10	469	0	0
4.043	1	1	405	4	1	10	469	0	0
4.044	1	1	405	5	1	14	775	0	0
4.045	1	1	405	6	1	14	775	0	0
4.046	1	2	405	7	2	8	421	0	0
4.047	1	2	405	8	2	8	421	0	0
4.048	1	2	405	9	2	18	967	0	0
4.049	1	2	405	10	2	18	967	0	0
4.05	1	1	406	1	1	12	597	0	0
4.051	1	1	406	2	1	12	597	0	0
4.052	1	1	406	3	1	16	903	0	0
4.053	1	1	406	4	1	16	903	0	0
4.054	1	2	406	5	2	12	597	0	0
4.055	1	2	406	6	2	12	597	0	0
4.056	1	2	406	7	2	20	1191	0	0
4.057	1	2	406	8	2	20	1191	0	0
4.058	1	2	406	9	2	24	1620	0	0
4.059	1	2	406	10	2	24	1620	0	0
4.06	1	2	407	1	2	16	903	0	0
4.061	1	2	407	2	2	16	903	0	0
4.062	1	2	407	3	2	16	903	0	0
4.063	1	1	407	4	1	8	421	0	0
4.064	1	1	407	5	1	20	1191	0	0
4.065	1	1	407	6	1	20	1191	0	0
4.066	1	2	407	7	2	16	903	0	0
4.067	1	2	407	8	2	16	903	0	0
4.068	1	2	407	9	2	18	967	0	0
4.069	1	1	407	10	1	8	421	0	0
4.07	1	1	408	1	1	14	775	0	0
4.071	1	1	408	2	1	14	775	0	0
4.072	1	1	408	3	1	6	309	0	0
4.073	1	2	408	4	2	16	903	0	0
4.074	1	1	408	5	1	16	903	0	0
4.075	1	1	408	6	1	16	903	0	0
4.076	1	2	408	7	2	12	597	0	0
4.077	1	2	408	8	2	12	597	0	0
4.078	1	1	408	9	1	16	903	0	0
4.079	1	1	408	10	1	16	903	0	0
4.08	1	1	409	1	1	14	775	0	0
4.081	1	1	409	2	1	14	775	0	0
4.082	1	2	409	3	2	12	597	0	0
4.083	1	2	409	4	2	12	597	0	0
4.084	1	1	409	5	1	12	597	0	0
4.085	1	1	409	6	1	12	597	0	0
4.086	1	2	409	7	2	18	967	0	0
4.087	1	2	409	8	2	18	967	0	0
4.088	1	2	409	9	2	14	775	0	0
4.089	1	2	409	10	2	14	775	0	0
4.09	1	2	410	1	2	22	1383	0	0
4.091	1	2	410	2	2	22	1383	0	0
4.092	1	2	410	3	2	24	1620	0	0
4.093	1	1	410	4	1	10	469	0	0
4.094	1	1	410	5	1	10	469	0	0
4.095	1	1	410	6	1	10	469	0	0
4.096	1	1	410	7	1	10	469	0	0
4.097	1	1	410	8	1	10	469	0	0
4.098	1	1	410	9	1	10	469	0	0
4.099	1	1	410	10	1	10	469	0	0
4.1	1	2	411	1	2	22	1383	0	0
4.101	1	2	411	2	2	22	1383	0	0
4.102	1	2	411	3	2	24	1620	0	0
4.103	1	2	411	4	2	24	1620	0	0
4.104	1	2	411	5	2	12	597	0	0
4.105	1	2	411	6	2	12	597	0	0
4.106	1	2	411	7	2	18	967	0	0
4.107	1	2	411	8	2	18	967	0	0
4.108	1	1	411	9	1	8	421	0	0
4.109	1	1	411	10	1	8	421	0	0
4.11	1	2	412	1	2	20	1191	0	0
4.111	1	2	412	2	2	20	1191	0	0
4.112	1	1	412	3	1	12	597	0	0
4.113	1	1	412	4	1	12	597	0	0
4.114	1	2	412	5	2	24	1620	0	0
4.115	1	1	412	6	1	12	597	0	0
4.116	1	1	412	7	1	12	597	0	0
4.117	1	1	412	8	1	12	597	0	0
4.118	1	1	412	9	1	6	309	0	0
4.119	1	2	412	10	2	14	775	0	0
4.12	1	2	413	1	2	18	967	0	0
4.121	1	2	413	2	2	18	967	0	0
4.122	1	2	413	3	2	20	1191	0	0
4.123	1	2	413	4	2	20	1191	0	0
4.124	1	1	413	5	1	12	597	0	0
4.125	1	1	413	6	1	12	597	0	0
4.126	1	1	413	7	1	14	775	0	0
4.127	1	1	413	8	1	14	775	0	0
4.128	1	1	413	9	1	18	967	0	0
4.129	1	1	413	10	1	18	967	0	0
4.13	1	2	414	1	2	22	1383	0	0
4.131	1	2	414	2	2	22	1383	0	0
4.132	1	2	414	3	2	22	1383	0	0
4.133	1	2	414	4	2	22	1383	0	0
4.134	1	2	414	5	2	20	1191	0	0
4.135	1	1	414	6	1	10	469	0	0
4.136	1	1	414	7	1	2	133	0	0
4.137	1	1	414	8	1	2	133	0	0
4.138	1	2	414	9	2	22	1383	0	0
4.139	1	2	414	10	2	22	1383	0	0
4.14	1	2	415	1	2	28	2196	0	0
4.141	1	1	415	2	1	14	775	0	0
4.142	1	1	415	3	1	18	967	0	0
4.143	1	1	415	4	1	18	967	0	0
4.144	1	1	415	5	1	14	775	0	0
4.145	1	1	415	6	1	14	775	0	0
4.146	1	1	415	7	1	14	775	0	0
4.147	1	1	415	8	1	14	775	0	0
4.148	1	2	415	9	2	20	1191	0	0
4.149	1	2	415	10	2	20	1191	0	0
4.15	1	1	416	1	1	8	421	0	0
4.151	1	1	416	2	1	8	421	0	0
4.152	1	2	416	3	2	18	967	0	0
4.153	1	2	416	4	2	18	967	0	0
4.154	1	2	416	5	2	14	775	0	0
4.155	1	2	416	6	2	14	775	0	0
4.156	1	2	416	7	2	18	967	0	0
4.157	1	2	416	8	2	18	967	0	0
4.158	1	2	416	9	2	16	903	0	0
4.159	1	2	416	10	2	16	903	0	0
4.16	1	2	417	1	2	12	597	0	0
4.161	1	2	417	2	2	12	597	0	0
4.162	1	2	417	3	2	18	967	0	0
4.163	1	2	417	4	2	18	967	0	0
4.164	1	1	417	5	1	14	775	0	0
4.165	1	1	417	6	1	14	775	0	0
4.166	1	1	417	7	1	10	469	0	0
4.167	1	1	417	8	1	10	469	0	0
4.168	1	1	417	9	1	4	217	0	0
4.169	1	1	417	10	1	4	217	0	0
4.17	1	1	418	1	1	0	81	0	0
4.171	1	1	418	2	1	0	81	0	0
4.172	1	1	418	3	1	14	775	0	0
4.173	1	1	418	4	1	14	775	0	0
4.174	1	2	418	5	2	18	967	0	0
4.175	1	2	418	6	2	18	967	0	0
4.176	1	2	418	7	2	24	1620	0	0
4.177	1	2	418	8	2	24	1620	0	0
4.178	1	2	418	9	2	24	1620	0	0
4.179	1	2	418	10	2	24	1620	0	0
4.18	1	2	419	1	2	18	967	0	0
4.181	1	2	419	2	2	18	967	0	0
4.182	1	2	419	3	2	14	775	0	0
4.183	1	2	419	4	2	14	775	0	0
4.184	1	1	419	5	1	16	903	0	0
4.185	1	1	419	6	1	16	903	0	0
4.186	1	1	419	7	1	22	1383	0	0
4.187	1	1	419	8	1	22	1383	0	0
4.188	1	1	419	9	1	16	903	0	0
4.189	1	1	419	10	1	16	903	0	0
4.19	1	2	420	1	2	18	967	0	0
4.191	1	1	420	2	1	12	597	0	0
4.192	1	1	420	3	1	16	903	0	0
4.193	1	1	420	4	1	16	903	0	0
4.194	1	2	420	5	2	20	1191	0	0
4.195	1	2	420	6	2	20	1191	0	0
4.196	1	1	420	7	1	10	469	0	0
4.197	1	1	420	8	1	10	469	0	0
4.198	1	2	420	9	2	22	1383	0	0
4.199	1	2	420	10	2	22	1383	0	0
4.2	1	2	421	1	2	24	1620	0	0
4.201	1	2	421	2	2	24	1620	0	0
4.202	1	2	421	3	2	16	903	0	0
4.203	1	2	421	4	2	16	903	0	0
4.204	1	1	421	5	1	18	967	0	0
4.205	1	1	421	6	1	18	967	0	0
4.206	1	2	421	7	2	20	1191	0	0
4.207	1	2	421	8	2	20	1191	0	0
4.208	1	2	421	9	2	6	309	0	0
4.209	1	2	421	10	2	6	309	0	0
4.21	1	2	422	1	2	14	775	0	0
4.211	1	2	422	2	2	14	775	0	0
4.212	1	2	422	3	2	10	469	0	0
4.213	1	2	422	4	2	10	469	0	0
4.214	1	2	422	5	2	22	1383	0	0
4.215	1	2	422	6	2	22	1383	0	0
4.216	1	2	422	7	2	22	1383	0	0
4.217	1	2	422	8	2	22	1383	0	0
4.218	1	2	422	9	2	22	1383	0	0
4.219	1	2	422	10	2	22	1383	0	0
4.22	1	2	423	1	2	22	1383	0	0
4.221	1	2	423	2	2	22	1383	0	0
4.224	1	2	423	5	2	10	469	0	0
4.225	1	2	423	6	2	10	469	0	0
4.226	1	2	423	7	2	6	309	0	0
4.227	1	2	423	8	2	6	309	0	0
4.228	1	2	423	9	2	18	967	0	0
4.229	1	2	423	10	2	18	967	0	0
4.23	1	2	424	1	2	22	1383	0	0
4.231	1	2	424	2	2	22	1383	0	0
4.232	1	2	424	3	2	18	967	0	0
4.233	1	2	424	4	2	18	967	0	0
4.234	1	2	424	5	2	14	775	0	0
4.235	1	2	424	6	2	14	775	0	0
4.236	1	2	424	7	2	22	1383	0	0
4.237	1	2	424	8	2	22	1383	0	0
4.238	1	2	424	9	2	20	1191	0	0
4.239	1	2	424	10	2	20	1191	0	0
4.24	1	2	425	1	2	14	775	0	0
4.241	1	2	425	2	2	14	775	0	0
4.244	1	2	425	5	2	24	1620	0	0
4.245	1	2	425	6	2	24	1620	0	0
4.246	1	2	425	7	2	20	1191	0	0
4.247	1	2	425	8	2	20	1191	0	0
4.248	1	2	425	9	2	12	597	0	0
4.249	1	2	425	10	2	12	597	0	0
4.25	1	2	426	1	2	10	469	0	0
4.251	1	2	426	2	2	10	469	0	0
4.252	1	2	426	3	2	20	1191	0	0
4.253	1	2	426	4	2	20	1191	0	0
4.254	1	2	426	5	2	20	1191	0	0
4.255	1	2	426	6	2	20	1191	0	0
4.256	1	2	426	7	2	2	133	0	0
4.257	1	2	426	8	2	2	133	0	0
4.258	1	2	426	9	2	20	1191	0	0
4.259	1	2	426	10	2	20	1191	0	0
4.26	1	2	427	1	2	18	967	0	0
4.261	1	2	427	2	2	18	967	0	0
4.262	1	2	427	3	2	20	1191	0	0
4.263	1	2	427	4	2	20	1191	0	0
4.264	1	2	427	5	2	18	967	0	0
4.265	1	2	427	6	2	18	967	0	0
4.266	1	2	427	7	2	10	469	0	0
4.267	1	2	427	8	2	10	469	0	0
4.268	1	2	427	9	2	20	1191	0	0
4.269	1	2	427	10	2	20	1191	0	0
4.27	1	2	428	1	2	20	1191	0	0
4.271	1	2	428	2	2	20	1191	0	0
4.272	1	2	428	3	2	14	775	0	0
4.273	1	2	428	4	2	14	775	0	0
4.274	1	2	428	5	2	14	775	0	0
4.275	1	2	428	6	2	14	775	0	0
4.276	1	2	428	7	2	12	597	0	0
4.277	1	2	428	8	2	12	597	0	0
4.28	1	2	429	1	2	18	967	0	0
4.281	1	2	429	2	2	18	967	0	0
4.282	1	2	429	3	2	22	1383	0	0
4.283	1	2	429	4	2	22	1383	0	0
4.284	1	2	429	5	2	24	1620	0	0
4.285	1	2	429	6	2	24	1620	0	0
4.286	1	2	429	7	2	20	1191	0	0
4.287	1	2	429	8	2	20	1191	0	0
4.288	1	2	429	9	2	14	775	0	0
4.289	1	2	429	10	2	14	775	0	0
4.29	1	2	430	1	2	6	309	0	0
4.291	1	2	430	2	2	6	309	0	0
4.292	1	2	430	3	2	20	1191	0	0
4.293	1	2	430	4	2	20	1191	0	0
4.294	1	2	430	5	2	22	1383	0	0
4.295	1	2	430	6	2	22	1383	0	0
4.296	1	2	430	7	2	18	967	0	0
4.297	1	2	430	8	2	18	967	0	0
4.298	1	2	430	9	2	22	1383	0	0
4.299	1	2	430	10	2	22	1383	0	0
4.3	1	2	431	1	2	18	967	0	0
4.301	1	2	431	2	2	18	967	0	0
4.302	1	2	431	3	2	26	1836	0	0
4.303	1	2	431	4	2	26	1836	0	0
4.304	1	2	431	5	2	22	1383	0	0
4.305	1	2	431	6	2	22	1383	0	0
4.306	1	2	431	7	2	16	903	0	0
4.307	1	2	431	8	2	16	903	0	0
4.308	1	2	431	9	2	22	1383	0	0
4.309	1	2	431	10	2	22	1383	0	0
4.31	1	2	432	1	2	20	1191	0	0
4.311	1	2	432	2	2	20	1191	0	0
4.312	1	2	432	3	2	22	1383	0	0
4.313	1	2	432	4	2	22	1383	0	0
4.314	1	2	432	5	2	22	1383	0	0
4.315	1	2	432	6	2	22	1383	0	0
4.316	1	2	432	7	2	28	2196	0	0
4.317	1	2	432	8	2	28	2196	0	0
4.318	1	2	432	9	2	26	1836	0	0
4.319	1	2	432	10	2	26	1836	0	0
4.32	1	2	433	1	2	22	1383	0	0
4.321	1	2	433	2	2	22	1383	0	0
4.322	1	2	433	3	2	8	421	0	0
4.323	1	2	433	4	2	8	421	0	0
4.324	1	2	433	5	2	26	1836	0	0
4.325	1	2	433	6	2	26	1836	0	0
4.326	1	2	433	7	2	26	1836	0	0
4.327	1	2	433	8	2	26	1836	0	0
4.328	1	2	433	9	2	2	133	0	0
4.329	1	2	433	10	2	2	133	0	0
4.33	1	2	434	1	2	24	1620	0	0
4.331	1	2	434	2	2	24	1620	0	0
4.332	1	2	434	3	2	24	1620	0	0
4.333	1	2	434	4	2	24	1620	0	0
4.334	1	1	434	5	1	2	133	0	0
4.335	1	2	434	6	2	20	1191	0	0
4.336	1	2	434	7	2	14	775	0	0
4.337	1	2	434	8	2	14	775	0	0
4.338	1	1	434	9	1	12	597	0	0
4.339	1	1	434	10	1	12	597	0	0
4.34	1	2	435	1	2	18	967	0	0
4.341	1	2	435	2	2	18	967	0	0
4.342	1	2	435	3	2	14	775	0	0
4.343	1	2	435	4	2	14	775	0	0
4.344	1	2	435	5	2	20	1191	0	0
4.345	1	2	435	6	2	20	1191	0	0
4.346	1	2	435	7	2	20	1191	0	0
4.347	1	2	435	8	2	20	1191	0	0
4.348	1	2	435	9	2	18	967	0	0
4.349	1	2	435	10	2	18	967	0	0
4.35	1	2	436	1	2	20	1191	0	0
4.351	1	2	436	2	2	20	1191	0	0
4.352	1	2	436	3	2	10	469	0	0
4.353	1	2	436	4	2	10	469	0	0
4.354	1	2	436	5	2	18	967	0	0
4.355	1	2	436	6	2	18	967	0	0
4.356	1	2	436	7	2	20	1191	0	0
4.357	1	2	436	8	2	20	1191	0	0
4.358	1	2	436	9	2	14	775	0	0
4.359	1	2	436	10	2	14	775	0	0
4.36	1	2	437	1	2	10	469	0	0
4.361	1	2	437	2	2	10	469	0	0
4.362	1	2	437	3	2	12	597	0	0
4.363	1	2	437	4	2	12	597	0	0
4.364	1	2	437	5	2	20	1191	0	0
4.365	1	2	437	6	2	20	1191	0	0
4.366	1	2	437	7	2	18	967	0	0
4.367	1	2	437	8	2	18	967	0	0
4.368	1	1	437	9	1	14	775	0	0
4.369	1	1	437	10	1	14	775	0	0
4.37	1	1	438	1	1	18	967	0	0
4.371	1	1	438	2	1	18	967	0	0
4.372	1	2	438	3	2	22	1383	0	0
4.373	1	2	438	4	2	22	1383	0	0
4.374	1	2	438	5	2	24	1620	0	0
4.375	1	2	438	6	2	24	1620	0	0
4.376	1	2	438	7	2	22	1383	0	0
4.377	1	2	438	8	2	22	1383	0	0
4.378	1	2	438	9	2	18	967	0	0
4.379	1	2	438	10	2	18	967	0	0
4.38	1	2	439	1	2	20	1191	0	0
4.381	1	2	439	2	2	20	1191	0	0
4.382	1	2	439	3	2	18	967	0	0
4.383	1	2	439	4	2	18	967	0	0
4.384	1	1	439	5	1	18	967	0	0
4.385	1	1	439	6	1	18	967	0	0
4.386	1	2	439	7	2	14	775	0	0
4.387	1	2	439	8	2	14	775	0	0
4.388	1	1	439	9	1	12	597	0	0
4.389	1	1	439	10	1	12	597	0	0
4.39	1	1	440	1	1	12	597	0	0
4.391	1	1	440	2	1	12	597	0	0
4.392	1	2	440	3	2	20	1191	0	0
4.393	1	2	440	4	2	20	1191	0	0
4.394	1	2	440	5	2	18	967	0	0
4.395	1	2	440	6	2	18	967	0	0
4.396	1	1	440	7	1	8	421	0	0
4.397	1	1	440	8	1	8	421	0	0
4.398	1	2	440	9	2	18	967	0	0
4.399	1	2	440	10	2	18	967	0	0
4.4	1	2	441	1	2	14	775	0	0
4.401	1	2	441	2	2	14	775	0	0
4.402	1	2	441	3	2	16	903	0	0
4.403	1	2	441	4	2	16	903	0	0
4.404	1	2	441	5	2	20	1191	0	0
4.41	1	2	442	1	2	16	903	0	0
4.411	1	2	442	2	2	16	903	0	0
4.412	1	2	442	3	2	16	903	0	0
4.413	1	2	442	4	2	16	903	0	0
4.414	1	2	442	5	2	20	1191	0	0
4.415	1	2	442	6	2	20	1191	0	0
4.416	1	2	442	7	2	24	1620	0	0
4.417	1	2	442	8	2	24	1620	0	0
4.422	1	2	443	3	2	22	1383	0	0
4.429	1	2	443	10	2	16	903	0	0
4.43	1	2	444	1	2	12	597	0	0
4.431	1	2	444	2	2	12	597	0	0
4.432	1	2	444	3	2	22	1383	0	0
4.433	1	2	444	4	2	22	1383	0	0
4.434	1	2	444	5	2	14	775	0	0
4.435	1	2	444	6	2	14	775	0	0
4.436	1	2	444	7	2	18	967	0	0
4.437	1	2	444	8	2	18	967	0	0
