% time	cellId	IMSI	RNTI	layer	mcs	size	rv	ndi
704	1	1	1	0	8	421	0	1
721	1	1	1	0	4	217	0	1
722	1	1	1	0	6	309	0	1
723	1	1	1	0	6	309	0	1
724	1	1	1	0	14	775	0	1
741	1	1	1	0	12	597	0	1
742	1	1	1	0	16	903	0	1
804	1	2	2	0	18	967	0	1
813	1	1	1	0	6	309	0	1
816	1	1	1	0	8	421	0	1
817	1	1	1	0	8	421	0	1
818	1	1	1	0	8	421	0	1
819	1	1	1	0	8	421	0	1
820	1	1	1	0	4	217	0	1
821	1	2	2	0	20	1191	0	1
822	1	2	2	0	22	1383	0	1
823	1	1	1	0	18	967	0	1
824	1	1	1	0	18	967	0	1
838	1	1	1	0	0	81	0	1
839	1	1	1	0	0	81	0	1
840	1	2	2	0	22	1383	0	1
841	1	1	1	0	14	775	0	1
842	1	1	1	0	16	903	0	1
843	1	1	1	0	16	903	0	1
844	1	1	1	0	8	421	0	1
845	1	1	1	0	8	421	0	1
858	1	2	2	0	18	967	0	1
859	1	2	2	0	18	967	0	1
860	1	2	2	0	20	1191	0	1
861	1	2	2	0	20	1191	0	1
864	1	1	1	0	6	309	0	1
865	1	1	1	0	6	309	0	1
866	1	1	1	0	4	217	0	1
867	1	1	1	0	4	217	0	1
870	1	1	1	0	6	309	0	1
871	1	1	1	0	6	309	0	1
872	1	1	1	0	8	421	0	1
873	1	1	1	0	8	421	0	1
874	1	1	1	0	6	309	0	1
875	1	1	1	0	6	309	0	1
876	1	1	1	0	12	597	0	1
877	1	1	1	0	12	597	0	1
878	1	2	2	0	22	1383	0	1
879	1	2	2	0	22	1383	0	1
880	1	2	2	0	22	1383	0	1
881	1	1	1	0	10	469	0	1
882	1	1	1	0	6	309	0	1
883	1	1	1	0	6	309	0	1
884	1	1	1	0	14	775	0	1
885	1	1	1	0	14	775	0	1
891	1	1	1	0	10	469	0	1
892	1	1	1	0	8	421	0	1
893	1	1	1	0	8	421	0	1
894	1	1	1	0	4	217	0	1
895	1	1	1	0	4	217	0	1
896	1	2	2	0	14	775	0	1
897	1	2	2	0	14	775	0	1
898	1	2	2	0	16	903	0	1
899	1	2	2	0	16	903	0	1
900	1	1	1	0	6	309	0	1
901	1	1	1	0	6	309	0	1
902	1	1	1	0	14	775	0	1
903	1	1	1	0	14	775	0	1
904	1	2	2	0	24	1620	0	1
905	1	2	2	0	24	1620	0	1
906	1	1	1	0	16	903	0	1
907	1	1	1	0	16	903	0	1
908	1	1	1	0	14	775	0	1
909	1	1	1	0	14	775	0	1
910	1	1	1	0	14	775	0	1
911	1	1	1	0	14	775	0	1
912	1	1	1	0	14	775	0	1
913	1	1	1	0	14	775	0	1
916	1	2	2	0	22	1383	0	1
917	1	2	2	0	22	1383	0	1
918	1	2	2	0	10	469	0	1
919	1	2	2	0	10	469	0	1
920	1	2	2	0	22	1383	0	1
921	1	2	2	0	22	1383	0	1
922	1	2	2	0	18	967	0	1
923	1	2	2	0	18	967	0	1
924	1	2	2	0	18	967	0	1
925	1	2	2	0	18	967	0	1
935	1	2	2	0	18	967	0	1
936	1	2	2	0	26	1836	0	1
937	1	2	2	0	26	1836	0	1
938	1	2	2	0	22	1383	0	1
939	1	2	2	0	22	1383	0	1
940	1	2	2	0	0	81	0	1
941	1	2	2	0	0	81	0	1
942	1	2	2	0	16	903	0	1
943	1	2	2	0	16	903	0	1
944	1	2	2	0	22	1383	0	1
945	1	2	2	0	22	1383	0	1
946	1	2	2	0	24	1620	0	1
954	1	2	2	0	16	903	0	1
955	1	2	2	0	16	903	0	1
956	1	2	2	0	0	81	0	1
957	1	2	2	0	0	81	0	1
958	1	2	2	0	18	967	0	1
959	1	2	2	0	18	967	0	1
960	1	2	2	0	8	421	0	1
961	1	2	2	0	8	421	0	1
962	1	2	2	0	18	967	0	1
963	1	2	2	0	18	967	0	1
964	1	2	2	0	20	1191	0	1
965	1	2	2	0	20	1191	0	1
966	1	2	2	0	16	903	0	1
967	1	2	2	0	16	903	0	1
968	1	2	2	0	18	967	0	1
969	1	2	2	0	18	967	0	1
970	1	2	2	0	14	775	0	1
971	1	2	2	0	14	775	0	1
973	1	2	2	0	14	775	0	1
974	1	2	2	0	16	903	0	1
975	1	2	2	0	16	903	0	1
976	1	2	2	0	22	1383	0	1
977	1	2	2	0	22	1383	0	1
978	1	2	2	0	14	775	0	1
979	1	2	2	0	14	775	0	1
980	1	2	2	0	12	597	0	1
981	1	2	2	0	12	597	0	1
984	1	2	2	0	18	967	0	1
985	1	2	2	0	18	967	0	1
986	1	2	2	0	2	133	0	1
987	1	2	2	0	2	133	0	1
988	1	2	2	0	24	1620	0	1
989	1	2	2	0	24	1620	0	1
990	1	2	2	0	22	1383	0	1
991	1	2	2	0	22	1383	0	1
992	1	2	2	0	20	1191	0	1
993	1	2	2	0	20	1191	0	1
994	1	2	2	0	24	1620	0	1
1004	1	2	2	0	20	1191	0	1
1006	1	2	2	0	16	903	0	1
1007	1	2	2	0	16	903	0	1
1008	1	2	2	0	26	1836	0	1
1009	1	2	2	0	26	1836	0	1
1010	1	2	2	0	18	967	0	1
1011	1	2	2	0	18	967	0	1
1022	1	2	2	0	16	903	0	1
1023	1	2	2	0	16	903	0	1
1024	1	2	2	0	22	1383	0	1
1025	1	2	2	0	22	1383	0	1
1026	1	2	2	0	20	1191	0	1
1027	1	2	2	0	20	1191	0	1
1028	1	2	2	0	18	967	0	1
1041	1	2	2	0	20	1191	0	1
1042	1	2	2	0	20	1191	0	1
1043	1	2	2	0	20	1191	0	1
1044	1	2	2	0	20	1191	0	1
1045	1	2	2	0	20	1191	0	1
1046	1	2	2	0	12	597	0	1
1047	1	2	2	0	12	597	0	1
1048	1	2	2	0	20	1191	0	1
1049	1	2	2	0	20	1191	0	1
1059	1	2	2	0	18	967	0	1
1060	1	2	2	0	10	469	0	1
1061	1	2	2	0	10	469	0	1
1062	1	2	2	0	20	1191	0	1
1063	1	2	2	0	20	1191	0	1
1064	1	2	2	0	22	1383	0	1
1065	1	2	2	0	22	1383	0	1
1066	1	2	2	0	14	775	0	1
1067	1	2	2	0	14	775	0	1
1068	1	2	2	0	20	1191	0	1
1078	1	2	2	0	12	597	0	1
1079	1	2	2	0	12	597	0	1
1080	1	2	2	0	14	775	0	1
1081	1	2	2	0	14	775	0	1
1082	1	2	2	0	20	1191	0	1
1083	1	2	2	0	20	1191	0	1
1084	1	2	2	0	16	903	0	1
1085	1	2	2	0	16	903	0	1
1086	1	2	2	0	16	903	0	1
1087	1	2	2	0	16	903	0	1
1088	1	2	2	0	20	1191	0	1
1089	1	2	2	0	20	1191	0	1
1097	1	2	2	0	22	1383	0	1
1098	1	2	2	0	22	1383	0	1
1099	1	2	2	0	22	1383	0	1
1100	1	2	2	0	14	775	0	1
1101	1	2	2	0	14	775	0	1
1102	1	2	2	0	12	597	0	1
1103	1	2	2	0	12	597	0	1
1104	1	2	2	0	20	1191	0	1
1105	1	2	2	0	20	1191	0	1
1106	1	2	2	0	24	1620	0	1
1107	1	2	2	0	24	1620	0	1
1108	1	1	1	0	0	81	0	1
1109	1	1	1	0	0	81	0	1
1110	1	1	1	0	4	217	0	1
1111	1	1	1	0	4	217	0	1
1112	1	1	1	0	10	469	0	1
1113	1	1	1	0	10	469	0	1
1115	1	2	2	0	24	1620	0	1
1116	1	2	2	0	24	1620	0	1
1117	1	2	2	0	24	1620	0	1
1118	1	2	2	0	20	1191	0	1
1119	1	2	2	0	20	1191	0	1
1120	1	2	2	0	12	597	0	1
1121	1	2	2	0	12	597	0	1
1122	1	2	2	0	16	903	0	1
1123	1	2	2	0	16	903	0	1
1124	1	2	2	0	20	1191	0	1
1125	1	2	2	0	20	1191	0	1
1126	1	2	2	0	8	421	0	1
1133	1	1	1	0	14	775	0	1
1134	1	2	2	0	14	775	0	1
1135	1	2	2	0	14	775	0	1
1136	1	2	2	0	12	597	0	1
1137	1	2	2	0	12	597	0	1
1138	1	2	2	0	14	775	0	1
1139	1	2	2	0	14	775	0	1
1140	1	2	2	0	20	1191	0	1
1141	1	2	2	0	20	1191	0	1
1142	1	2	2	0	18	967	0	1
1143	1	2	2	0	18	967	0	1
1144	1	1	1	0	12	597	0	1
1145	1	1	1	0	12	597	0	1
1146	1	1	1	0	14	775	0	1
1147	1	1	1	0	14	775	0	1
1148	1	2	2	0	14	775	0	1
1149	1	2	2	0	14	775	0	1
1150	1	2	2	0	24	1620	0	1
1151	1	2	2	0	24	1620	0	1
1152	1	1	1	0	10	469	0	1
1153	1	2	2	0	26	1836	0	1
1154	1	2	2	0	20	1191	0	1
1155	1	2	2	0	20	1191	0	1
1156	1	1	1	0	14	775	0	1
1157	1	1	1	0	14	775	0	1
1158	1	2	2	0	20	1191	0	1
1159	1	2	2	0	20	1191	0	1
1160	1	2	2	0	26	1836	0	1
1161	1	2	2	0	26	1836	0	1
1162	1	2	2	0	24	1620	0	1
1163	1	1	1	0	0	81	0	1
1164	1	1	1	0	2	133	0	1
1165	1	1	1	0	2	133	0	1
1166	1	1	1	0	6	309	0	1
1167	1	1	1	0	6	309	0	1
1168	1	1	1	0	4	217	0	1
1169	1	1	1	0	4	217	0	1
1170	1	1	1	0	0	81	0	1
1171	1	1	1	0	0	81	0	1
1172	1	1	1	0	4	217	0	1
1173	1	1	1	0	4	217	0	1
1174	1	1	1	0	8	421	0	1
1175	1	1	1	0	8	421	0	1
1176	1	1	1	0	2	133	0	1
1177	1	1	1	0	2	133	0	1
1178	1	1	1	0	6	309	0	1
1179	1	1	1	0	6	309	0	1
1180	1	1	1	0	10	469	0	1
1181	1	1	1	0	10	469	0	1
1182	1	1	1	0	2	133	0	1
1183	1	1	1	0	2	133	0	1
1186	1	1	1	0	8	421	0	1
1187	1	1	1	0	8	421	0	1
1188	1	1	1	0	16	903	0	1
1189	1	1	1	0	16	903	0	1
1190	1	1	1	0	14	775	0	1
1191	1	1	1	0	14	775	0	1
1192	1	1	1	0	4	217	0	1
1193	1	1	1	0	4	217	0	1
1194	1	1	1	0	8	421	0	1
1195	1	1	1	0	8	421	0	1
1196	1	1	1	0	8	421	0	1
1197	1	1	1	0	8	421	0	1
1200	1	1	1	0	4	217	0	1
1201	1	1	1	0	4	217	0	1
1202	1	1	1	0	6	309	0	1
1203	1	1	1	0	6	309	0	1
1204	1	1	1	0	4	217	0	1
1205	1	1	1	0	4	217	0	1
1206	1	1	1	0	2	133	0	1
1207	1	1	1	0	2	133	0	1
1208	1	1	1	0	2	133	0	1
1209	1	1	1	0	2	133	0	1
1210	1	1	1	0	0	81	0	1
1211	1	1	1	0	0	81	0	1
1212	1	1	1	0	12	597	0	1
1213	1	1	1	0	12	597	0	1
1214	1	1	1	0	14	775	0	1
1215	1	1	1	0	14	775	0	1
1216	1	1	1	0	4	217	0	1
1217	1	1	1	0	4	217	0	1
1220	1	1	1	0	4	217	0	1
1221	1	1	1	0	4	217	0	1
1222	1	1	1	0	6	309	0	1
1223	1	1	1	0	6	309	0	1
1224	1	1	1	0	2	133	0	1
1225	1	1	1	0	2	133	0	1
1226	1	1	1	0	12	597	0	1
1227	1	1	1	0	12	597	0	1
1228	1	1	1	0	12	597	0	1
1229	1	1	1	0	12	597	0	1
1230	1	1	1	0	6	309	0	1
1231	1	1	1	0	6	309	0	1
1232	1	1	1	0	8	421	0	1
1233	1	1	1	0	8	421	0	1
1234	1	1	1	0	8	421	0	1
1235	1	1	1	0	8	421	0	1
1236	1	1	1	0	6	309	0	1
1237	1	1	1	0	6	309	0	1
1238	1	1	1	0	14	775	0	1
1239	1	1	1	0	14	775	0	1
1240	1	1	1	0	8	421	0	1
1241	1	1	1	0	8	421	0	1
1242	1	1	1	0	8	421	0	1
1243	1	1	1	0	8	421	0	1
1244	1	1	1	0	14	775	0	1
1245	1	1	1	0	14	775	0	1
1246	1	1	1	0	6	309	0	1
1247	1	1	1	0	6	309	0	1
1248	1	1	1	0	6	309	0	1
1249	1	1	1	0	6	309	0	1
1250	1	1	1	0	4	217	0	1
1251	1	1	1	0	4	217	0	1
1252	1	1	1	0	8	421	0	1
1253	1	1	1	0	8	421	0	1
1254	1	1	1	0	14	775	0	1
1255	1	1	1	0	14	775	0	1
1256	1	1	1	0	6	309	0	1
1257	1	1	1	0	6	309	0	1
1258	1	1	1	0	12	597	0	1
1259	1	1	1	0	12	597	0	1
1260	1	1	1	0	16	903	0	1
1272	1	1	1	0	10	469	0	1
1273	1	1	1	0	10	469	0	1
1274	1	1	1	0	10	469	0	1
1275	1	1	1	0	10	469	0	1
1276	1	1	1	0	6	309	0	1
1277	1	1	1	0	6	309	0	1
1278	1	1	1	0	8	421	0	1
1279	1	1	1	0	8	421	0	1
1293	1	1	1	0	14	775	0	1
1294	1	1	1	0	4	217	0	1
1295	1	2	2	0	16	903	0	1
1296	1	2	2	0	20	1191	0	1
1297	1	2	2	0	20	1191	0	1
1298	1	2	2	0	26	1836	0	1
1299	1	2	2	0	26	1836	0	1
1300	1	2	2	0	20	1191	0	1
1301	1	2	2	0	20	1191	0	1
1302	1	2	2	0	14	775	0	1
1303	1	2	2	0	14	775	0	1
1304	1	2	2	0	16	903	0	1
1305	1	2	2	0	16	903	0	1
1306	1	2	2	0	22	1383	0	1
1307	1	1	1	0	12	597	0	1
1308	1	1	1	0	16	903	0	1
1309	1	1	1	0	16	903	0	1
1310	1	1	1	0	12	597	0	1
1311	1	1	1	0	12	597	0	1
1314	1	2	2	0	8	421	0	1
1315	1	2	2	0	8	421	0	1
1316	1	2	2	0	18	967	0	1
1317	1	2	2	0	18	967	0	1
1318	1	2	2	0	18	967	0	1
1319	1	2	2	0	18	967	0	1
1320	1	2	2	0	26	1836	0	1
1321	1	2	2	0	26	1836	0	1
1322	1	2	2	0	22	1383	0	1
1323	1	2	2	0	22	1383	0	1
1324	1	2	2	0	12	597	0	1
1325	1	2	2	0	12	597	0	1
1326	1	2	2	0	18	967	0	1
1327	1	2	2	0	18	967	0	1
1335	1	1	1	0	8	421	0	1
1337	1	2	2	0	18	967	0	1
1338	1	2	2	0	18	967	0	1
1339	1	2	2	0	18	967	0	1
1340	1	2	2	0	24	1620	0	1
1341	1	2	2	0	24	1620	0	1
1342	1	2	2	0	24	1620	0	1
1343	1	2	2	0	24	1620	0	1
1344	1	2	2	0	20	1191	0	1
1345	1	2	2	0	20	1191	0	1
1346	1	2	2	0	18	967	0	1
1347	1	2	2	0	18	967	0	1
1348	1	1	1	0	14	775	0	1
1349	1	1	1	0	14	775	0	1
1350	1	1	1	0	12	597	0	1
1351	1	1	1	0	12	597	0	1
1352	1	1	1	0	0	81	0	1
1353	1	1	1	0	0	81	0	1
1354	1	1	1	0	6	309	0	1
1355	1	1	1	0	6	309	0	1
1356	1	2	2	0	18	967	0	1
1357	1	2	2	0	18	967	0	1
1358	1	2	2	0	14	775	0	1
1359	1	2	2	0	14	775	0	1
1360	1	2	2	0	10	469	0	1
1361	1	2	2	0	10	469	0	1
1362	1	1	1	0	14	775	0	1
1363	1	2	2	0	10	469	0	1
1364	1	2	2	0	12	597	0	1
1365	1	2	2	0	12	597	0	1
1366	1	2	2	0	20	1191	0	1
1375	1	1	1	0	18	967	0	1
1376	1	2	2	0	20	1191	0	1
1377	1	2	2	0	20	1191	0	1
1378	1	2	2	0	28	2196	0	1
1379	1	2	2	0	28	2196	0	1
1380	1	1	1	0	14	775	0	1
1381	1	1	1	0	14	775	0	1
1382	1	1	1	0	10	469	0	1
1383	1	1	1	0	10	469	0	1
1384	1	1	1	0	12	597	0	1
1385	1	1	1	0	12	597	0	1
1386	1	1	1	0	10	469	0	1
1387	1	1	1	0	10	469	0	1
1399	1	1	1	0	12	597	0	1
1400	1	1	1	0	8	421	0	1
1401	1	1	1	0	8	421	0	1
1402	1	1	1	0	4	217	0	1
1403	1	1	1	0	4	217	0	1
1404	1	1	1	0	10	469	0	1
1405	1	1	1	0	10	469	0	1
1406	1	1	1	0	4	217	0	1
1407	1	1	1	0	4	217	0	1
1408	1	1	1	0	10	469	0	1
1409	1	1	1	0	10	469	0	1
1410	1	1	1	0	14	775	0	1
1419	1	1	1	0	6	309	0	1
1420	1	1	1	0	14	775	0	1
1421	1	1	1	0	14	775	0	1
1422	1	1	1	0	18	967	0	1
1425	1	1	1	0	8	421	0	1
1426	1	1	1	0	12	597	0	1
1427	1	1	1	0	12	597	0	1
1428	1	1	1	0	12	597	0	1
1429	1	1	1	0	12	597	0	1
1430	1	1	1	0	10	469	0	1
1438	1	1	1	0	8	421	0	1
1439	1	1	1	0	8	421	0	1
1440	1	1	1	0	14	775	0	1
1441	1	1	1	0	14	775	0	1
1442	1	1	1	0	10	469	0	1
1443	1	1	1	0	10	469	0	1
1444	1	1	1	0	20	1191	0	1
1445	1	1	1	0	20	1191	0	1
1446	1	1	1	0	14	775	0	1
1447	1	1	1	0	14	775	0	1
1454	1	2	2	0	16	903	0	1
1455	1	2	2	0	16	903	0	1
1456	1	2	2	0	10	469	0	1
1457	1	2	2	0	10	469	0	1
1458	1	2	2	0	18	967	0	1
1459	1	2	2	0	18	967	0	1
1460	1	2	2	0	18	967	0	1
1461	1	2	2	0	18	967	0	1
1462	1	2	2	0	20	1191	0	1
1463	1	1	1	0	14	775	0	1
1466	1	1	1	0	16	903	0	1
1467	1	1	1	0	16	903	0	1
1468	1	1	1	0	12	597	0	1
1469	1	1	1	0	12	597	0	1
1470	1	1	1	0	10	469	0	1
1471	1	1	1	0	10	469	0	1
1472	1	1	1	0	16	903	0	1
1473	1	1	1	0	16	903	0	1
1474	1	2	2	0	20	1191	0	1
1475	1	2	2	0	20	1191	0	1
1476	1	2	2	0	24	1620	0	1
1477	1	2	2	0	24	1620	0	1
1478	1	2	2	0	18	967	0	1
1479	1	2	2	0	18	967	0	1
1480	1	1	1	0	16	903	0	1
1481	1	1	1	0	16	903	0	1
1482	1	2	2	0	14	775	0	1
1483	1	2	2	0	14	775	0	1
1493	1	2	2	0	24	1620	0	1
1494	1	2	2	0	12	597	0	1
1495	1	2	2	0	12	597	0	1
1496	1	2	2	0	18	967	0	1
1497	1	2	2	0	18	967	0	1
1498	1	2	2	0	6	309	0	1
1499	1	2	2	0	6	309	0	1
1500	1	2	2	0	10	469	0	1
1501	1	2	2	0	10	469	0	1
1502	1	2	2	0	20	1191	0	1
1503	1	2	2	0	20	1191	0	1
1504	1	2	2	0	22	1383	0	1
1512	1	2	2	0	12	597	0	1
1513	1	2	2	0	12	597	0	1
1514	1	2	2	0	8	421	0	1
1515	1	2	2	0	8	421	0	1
1516	1	2	2	0	18	967	0	1
1517	1	2	2	0	18	967	0	1
1518	1	2	2	0	12	597	0	1
1519	1	2	2	0	12	597	0	1
1520	1	2	2	0	14	775	0	1
1521	1	2	2	0	14	775	0	1
1522	1	2	2	0	22	1383	0	1
1523	1	2	2	0	22	1383	0	1
1532	1	2	2	0	16	903	0	1
1533	1	2	2	0	16	903	0	1
1534	1	2	2	0	20	1191	0	1
1535	1	2	2	0	20	1191	0	1
1536	1	2	2	0	20	1191	0	1
1537	1	2	2	0	20	1191	0	1
1538	1	2	2	0	12	597	0	1
1539	1	2	2	0	12	597	0	1
1540	1	2	2	0	12	597	0	1
1541	1	2	2	0	12	597	0	1
1551	1	2	2	0	22	1383	0	1
1552	1	2	2	0	22	1383	0	1
1553	1	2	2	0	22	1383	0	1
1554	1	2	2	0	22	1383	0	1
1555	1	2	2	0	22	1383	0	1
1556	1	2	2	0	24	1620	0	1
1557	1	2	2	0	24	1620	0	1
1569	1	2	2	0	18	967	0	1
1570	1	2	2	0	16	903	0	1
1571	1	2	2	0	16	903	0	1
1572	1	2	2	0	20	1191	0	1
1573	1	2	2	0	20	1191	0	1
1574	1	2	2	0	22	1383	0	1
1575	1	2	2	0	22	1383	0	1
1576	1	2	2	0	6	309	0	1
1577	1	2	2	0	6	309	0	1
1578	1	2	2	0	22	1383	0	1
1579	1	2	2	0	22	1383	0	1
1589	1	2	2	0	20	1191	0	1
1590	1	2	2	0	12	597	0	1
1591	1	2	2	0	12	597	0	1
1592	1	2	2	0	20	1191	0	1
1593	1	2	2	0	20	1191	0	1
1594	1	2	2	0	26	1836	0	1
1595	1	2	2	0	26	1836	0	1
1596	1	2	2	0	24	1620	0	1
1597	1	2	2	0	24	1620	0	1
1598	1	2	2	0	22	1383	0	1
1609	1	2	2	0	24	1620	0	1
1610	1	2	2	0	20	1191	0	1
1611	1	2	2	0	20	1191	0	1
1612	1	2	2	0	22	1383	0	1
1613	1	2	2	0	22	1383	0	1
1614	1	2	2	0	12	597	0	1
1615	1	2	2	0	12	597	0	1
1616	1	2	2	0	20	1191	0	1
1617	1	2	2	0	20	1191	0	1
1618	1	2	2	0	18	967	0	1
1627	1	2	2	0	12	597	0	1
1628	1	2	2	0	4	217	0	1
1629	1	2	2	0	4	217	0	1
1630	1	2	2	0	4	217	0	1
1631	1	2	2	0	4	217	0	1
1632	1	2	2	0	18	967	0	1
1633	1	2	2	0	18	967	0	1
1634	1	2	2	0	20	1191	0	1
1635	1	2	2	0	20	1191	0	1
1636	1	2	2	0	12	597	0	1
1637	1	2	2	0	12	597	0	1
1638	1	2	2	0	14	775	0	1
1639	1	2	2	0	14	775	0	1
1640	1	2	2	0	22	1383	0	1
1641	1	2	2	0	22	1383	0	1
1648	1	2	2	0	24	1620	0	1
1649	1	2	2	0	24	1620	0	1
1650	1	2	2	0	22	1383	0	1
1651	1	2	2	0	22	1383	0	1
1652	1	2	2	0	20	1191	0	1
1653	1	2	2	0	20	1191	0	1
1654	1	2	2	0	12	597	0	1
1655	1	2	2	0	12	597	0	1
1656	1	2	2	0	12	597	0	1
1657	1	2	2	0	12	597	0	1
1659	1	1	1	0	10	469	0	1
1660	1	1	1	0	10	469	0	1
1661	1	1	1	0	10	469	0	1
1666	1	2	2	0	6	309	0	1
1667	1	2	2	0	6	309	0	1
1668	1	2	2	0	10	469	0	1
1669	1	2	2	0	10	469	0	1
1670	1	2	2	0	18	967	0	1
1671	1	2	2	0	18	967	0	1
1672	1	2	2	0	8	421	0	1
1673	1	2	2	0	8	421	0	1
1674	1	2	2	0	18	967	0	1
1675	1	2	2	0	18	967	0	1
1686	1	2	2	0	22	1383	0	1
1687	1	2	2	0	22	1383	0	1
1688	1	2	2	0	22	1383	0	1
1689	1	2	2	0	22	1383	0	1
1704	1	2	2	0	12	597	0	1
1705	1	2	2	0	12	597	0	1
1706	1	2	2	0	18	967	0	1
1707	1	2	2	0	18	967	0	1
1708	1	2	2	0	18	967	0	1
1709	1	2	2	0	18	967	0	1
1710	1	2	2	0	14	775	0	1
1711	1	2	2	0	14	775	0	1
1724	1	2	2	0	18	967	0	1
1725	1	2	2	0	18	967	0	1
1726	1	2	2	0	16	903	0	1
1727	1	2	2	0	16	903	0	1
1728	1	2	2	0	14	775	0	1
1729	1	2	2	0	14	775	0	1
1730	1	2	2	0	16	903	0	1
1731	1	2	2	0	16	903	0	1
1732	1	2	2	0	12	597	0	1
1744	1	2	2	0	20	1191	0	1
1745	1	2	2	0	20	1191	0	1
1746	1	2	2	0	18	967	0	1
1747	1	2	2	0	18	967	0	1
1748	1	2	2	0	22	1383	0	1
1749	1	2	2	0	22	1383	0	1
1762	1	2	2	0	22	1383	0	1
1763	1	2	2	0	22	1383	0	1
1764	1	2	2	0	22	1383	0	1
1765	1	2	2	0	22	1383	0	1
1766	1	2	2	0	8	421	0	1
1767	1	2	2	0	8	421	0	1
1768	1	2	2	0	18	967	0	1
1769	1	2	2	0	18	967	0	1
1773	1	1	1	0	8	421	0	1
1774	1	1	1	0	14	775	0	1
1775	1	1	1	0	14	775	0	1
1776	1	1	1	0	20	1191	0	1
1777	1	1	1	0	20	1191	0	1
1778	1	1	1	0	10	469	0	1
1779	1	1	1	0	10	469	0	1
1780	1	1	1	0	16	903	0	1
1781	1	1	1	0	16	903	0	1
1782	1	1	1	0	18	967	0	1
1783	1	1	1	0	18	967	0	1
1784	1	2	2	0	16	903	0	1
1785	1	2	2	0	16	903	0	1
1786	1	2	2	0	18	967	0	1
1787	1	2	2	0	18	967	0	1
1788	1	2	2	0	18	967	0	1
1789	1	2	2	0	18	967	0	1
1790	1	2	2	0	24	1620	0	1
1791	1	2	2	0	24	1620	0	1
1792	1	1	1	0	8	421	0	1
1793	1	1	1	0	8	421	0	1
1794	1	1	1	0	6	309	0	1
1795	1	1	1	0	6	309	0	1
1796	1	1	1	0	12	597	0	1
1797	1	1	1	0	12	597	0	1
1798	1	1	1	0	8	421	0	1
1799	1	1	1	0	8	421	0	1
1800	1	1	1	0	8	421	0	1
1801	1	1	1	0	8	421	0	1
1802	1	1	1	0	12	597	0	1
1803	1	1	1	0	12	597	0	1
1804	1	2	2	0	14	775	0	1
1805	1	2	2	0	14	775	0	1
1806	1	2	2	0	18	967	0	1
1807	1	2	2	0	18	967	0	1
1808	1	1	1	0	8	421	0	1
1809	1	1	1	0	8	421	0	1
1810	1	1	1	0	8	421	0	1
1811	1	1	1	0	8	421	0	1
1812	1	2	2	0	20	1191	0	1
1813	1	2	2	0	20	1191	0	1
1814	1	2	2	0	28	2196	0	1
1815	1	2	2	0	28	2196	0	1
1824	1	2	2	0	26	1836	0	1
1825	1	2	2	0	26	1836	0	1
1826	1	2	2	0	2	133	0	1
1827	1	1	1	0	8	421	0	1
1828	1	2	2	0	20	1191	0	1
1829	1	2	2	0	20	1191	0	1
1830	1	2	2	0	18	967	0	1
1831	1	2	2	0	18	967	0	1
1832	1	2	2	0	26	1836	0	1
1833	1	2	2	0	26	1836	0	1
1834	1	1	1	0	16	903	0	1
1835	1	1	1	0	16	903	0	1
1843	1	2	2	0	28	2196	0	1
1844	1	2	2	0	26	1836	0	1
1845	1	2	2	0	26	1836	0	1
1846	1	2	2	0	22	1383	0	1
1847	1	2	2	0	22	1383	0	1
1852	1	1	1	0	14	775	0	1
1853	1	1	1	0	14	775	0	1
1854	1	1	1	0	6	309	0	1
1855	1	1	1	0	6	309	0	1
1861	1	2	2	0	14	775	0	1
1862	1	2	2	0	16	903	0	1
1863	1	2	2	0	16	903	0	1
1864	1	2	2	0	20	1191	0	1
1865	1	2	2	0	20	1191	0	1
1866	1	2	2	0	18	967	0	1
1867	1	2	2	0	18	967	0	1
1868	1	2	2	0	12	597	0	1
1869	1	2	2	0	12	597	0	1
1870	1	2	2	0	6	309	0	1
1871	1	2	2	0	6	309	0	1
1872	1	2	2	0	14	775	0	1
1873	1	2	2	0	14	775	0	1
1874	1	1	1	0	12	597	0	1
1875	1	1	1	0	12	597	0	1
1876	1	1	1	0	4	217	0	1
1877	1	1	1	0	4	217	0	1
1878	1	1	1	0	14	775	0	1
1880	1	2	2	0	22	1383	0	1
1881	1	2	2	0	22	1383	0	1
1882	1	2	2	0	22	1383	0	1
1883	1	2	2	0	22	1383	0	1
1884	1	2	2	0	16	903	0	1
1885	1	2	2	0	16	903	0	1
1886	1	2	2	0	20	1191	0	1
1887	1	2	2	0	20	1191	0	1
1888	1	2	2	0	22	1383	0	1
1893	1	1	1	0	2	133	0	1
1894	1	1	1	0	14	775	0	1
1895	1	1	1	0	14	775	0	1
1896	1	1	1	0	18	967	0	1
1897	1	1	1	0	18	967	0	1
1899	1	2	2	0	20	1191	0	1
1900	1	2	2	0	16	903	0	1
1901	1	2	2	0	16	903	0	1
1902	1	2	2	0	12	597	0	1
1903	1	2	2	0	12	597	0	1
1904	1	2	2	0	20	1191	0	1
1905	1	2	2	0	20	1191	0	1
1906	1	2	2	0	20	1191	0	1
1907	1	2	2	0	20	1191	0	1
1908	1	2	2	0	18	967	0	1
1909	1	2	2	0	18	967	0	1
1910	1	2	2	0	24	1620	0	1
1913	1	1	1	0	10	469	0	1
1914	1	1	1	0	12	597	0	1
1915	1	1	1	0	12	597	0	1
1916	1	1	1	0	6	309	0	1
1917	1	1	1	0	6	309	0	1
1919	1	2	2	0	18	967	0	1
1920	1	2	2	0	10	469	0	1
1921	1	2	2	0	10	469	0	1
1922	1	2	2	0	12	597	0	1
1923	1	2	2	0	12	597	0	1
1924	1	2	2	0	10	469	0	1
1925	1	2	2	0	10	469	0	1
1926	1	1	1	0	14	775	0	1
1927	1	1	1	0	14	775	0	1
1928	1	2	2	0	22	1383	0	1
1929	1	2	2	0	22	1383	0	1
1930	1	2	2	0	20	1191	0	1
1931	1	2	2	0	20	1191	0	1
1932	1	2	2	0	10	469	0	1
1933	1	2	2	0	10	469	0	1
1934	1	2	2	0	22	1383	0	1
1935	1	1	1	0	12	597	0	1
1936	1	1	1	0	16	903	0	1
1937	1	1	1	0	16	903	0	1
1938	1	2	2	0	18	967	0	1
1939	1	2	2	0	18	967	0	1
1940	1	2	2	0	18	967	0	1
1941	1	2	2	0	18	967	0	1
1942	1	2	2	0	10	469	0	1
1943	1	2	2	0	10	469	0	1
1944	1	2	2	0	20	1191	0	1
1945	1	2	2	0	20	1191	0	1
1946	1	1	1	0	10	469	0	1
1947	1	2	2	0	10	469	0	1
1948	1	2	2	0	22	1383	0	1
1949	1	2	2	0	22	1383	0	1
1950	1	2	2	0	22	1383	0	1
1951	1	2	2	0	22	1383	0	1
1952	1	2	2	0	14	775	0	1
1953	1	2	2	0	14	775	0	1
1954	1	1	1	0	12	597	0	1
1955	1	1	1	0	12	597	0	1
1956	1	1	1	0	10	469	0	1
1957	1	2	2	0	20	1191	0	1
1958	1	2	2	0	24	1620	0	1
1959	1	2	2	0	24	1620	0	1
1960	1	1	1	0	14	775	0	1
1961	1	2	2	0	8	421	0	1
1962	1	2	2	0	24	1620	0	1
1963	1	2	2	0	24	1620	0	1
1964	1	2	2	0	20	1191	0	1
1965	1	2	2	0	20	1191	0	1
1966	1	2	2	0	12	597	0	1
1967	1	2	2	0	12	597	0	1
1968	1	2	2	0	20	1191	0	1
1969	1	2	2	0	20	1191	0	1
1970	1	2	2	0	24	1620	0	1
1971	1	2	2	0	24	1620	0	1
1972	1	2	2	0	20	1191	0	1
1976	1	2	2	0	22	1383	0	1
1977	1	2	2	0	22	1383	0	1
1978	1	2	2	0	8	421	0	1
1979	1	2	2	0	8	421	0	1
1980	1	2	2	0	24	1620	0	1
1981	1	2	2	0	24	1620	0	1
1982	1	2	2	0	20	1191	0	1
1983	1	2	2	0	20	1191	0	1
1984	1	2	2	0	24	1620	0	1
1985	1	2	2	0	24	1620	0	1
1986	1	2	2	0	20	1191	0	1
1987	1	2	2	0	20	1191	0	1
1988	1	2	2	0	16	903	0	1
1989	1	2	2	0	16	903	0	1
1990	1	2	2	0	20	1191	0	1
1995	1	2	2	0	22	1383	0	1
1996	1	2	2	0	14	775	0	1
1997	1	2	2	0	14	775	0	1
1998	1	2	2	0	26	1836	0	1
1999	1	2	2	0	26	1836	0	1
2000	1	2	2	0	28	2196	0	1
2001	1	2	2	0	28	2196	0	1
2002	1	2	2	0	22	1383	0	1
2003	1	2	2	0	22	1383	0	1
2007	1	2	2	0	20	1191	0	1
2008	1	2	2	0	16	903	0	1
2009	1	2	2	0	16	903	0	1
2013	1	2	2	0	14	775	0	1
2014	1	2	2	0	20	1191	0	1
2015	1	2	2	0	20	1191	0	1
2016	1	2	2	0	18	967	0	1
2017	1	2	2	0	18	967	0	1
2018	1	2	2	0	16	903	0	1
2019	1	2	2	0	16	903	0	1
2020	1	2	2	0	28	2196	0	1
2021	1	2	2	0	28	2196	0	1
2022	1	2	2	0	28	2196	0	1
2023	1	2	2	0	28	2196	0	1
2025	1	2	2	0	24	1620	0	1
2026	1	2	2	0	18	967	0	1
2032	1	2	2	0	22	1383	0	1
2033	1	2	2	0	22	1383	0	1
2034	1	2	2	0	12	597	0	1
2035	1	2	2	0	12	597	0	1
2036	1	2	2	0	18	967	0	1
2037	1	2	2	0	18	967	0	1
2038	1	2	2	0	22	1383	0	1
2039	1	2	2	0	22	1383	0	1
2040	1	2	2	0	26	1836	0	1
2041	1	2	2	0	26	1836	0	1
2042	1	2	2	0	26	1836	0	1
2043	1	2	2	0	26	1836	0	1
2044	1	2	2	0	22	1383	0	1
2045	1	2	2	0	22	1383	0	1
2051	1	2	2	0	14	775	0	1
2052	1	2	2	0	18	967	0	1
2053	1	2	2	0	18	967	0	1
2054	1	2	2	0	24	1620	0	1
2055	1	2	2	0	24	1620	0	1
2056	1	2	2	0	22	1383	0	1
2057	1	2	2	0	22	1383	0	1
2058	1	2	2	0	10	469	0	1
2059	1	2	2	0	10	469	0	1
2060	1	2	2	0	20	1191	0	1
2061	1	2	2	0	20	1191	0	1
2062	1	2	2	0	22	1383	0	1
2063	1	2	2	0	22	1383	0	1
2064	1	2	2	0	18	967	0	1
2065	1	2	2	0	18	967	0	1
2071	1	2	2	0	18	967	0	1
2072	1	2	2	0	0	81	0	1
2073	1	2	2	0	0	81	0	1
2074	1	2	2	0	20	1191	0	1
2075	1	2	2	0	20	1191	0	1
2076	1	2	2	0	22	1383	0	1
2077	1	2	2	0	22	1383	0	1
2078	1	2	2	0	22	1383	0	1
2079	1	2	2	0	22	1383	0	1
2080	1	2	2	0	22	1383	0	1
2081	1	2	2	0	22	1383	0	1
2082	1	2	2	0	0	81	0	1
2083	1	2	2	0	0	81	0	1
2084	1	2	2	0	24	1620	0	1
2091	1	2	2	0	18	967	0	1
2092	1	2	2	0	12	597	0	1
2093	1	2	2	0	12	597	0	1
2094	1	1	1	0	16	903	0	1
2095	1	1	1	0	16	903	0	1
2096	1	1	1	0	14	775	0	1
2097	1	1	1	0	14	775	0	1
2098	1	2	2	0	20	1191	0	1
2099	1	2	2	0	20	1191	0	1
2100	1	2	2	0	20	1191	0	1
2101	1	2	2	0	20	1191	0	1
2102	1	2	2	0	14	775	0	1
2103	1	2	2	0	14	775	0	1
2104	1	2	2	0	24	1620	0	1
2105	1	2	2	0	24	1620	0	1
2106	1	2	2	0	18	967	0	1
2107	1	2	2	0	18	967	0	1
2108	1	1	1	0	14	775	0	1
2109	1	1	1	0	14	775	0	1
2110	1	2	2	0	22	1383	0	1
2111	1	2	2	0	22	1383	0	1
2112	1	1	1	0	6	309	0	1
2113	1	1	1	0	6	309	0	1
2114	1	1	1	0	0	81	0	1
2115	1	1	1	0	0	81	0	1
2116	1	2	2	0	24	1620	0	1
2117	1	2	2	0	24	1620	0	1
2118	1	2	2	0	24	1620	0	1
2119	1	1	1	0	10	469	0	1
2120	1	1	1	0	6	309	0	1
2121	1	1	1	0	6	309	0	1
2122	1	2	2	0	20	1191	0	1
2123	1	2	2	0	20	1191	0	1
2124	1	1	1	0	8	421	0	1
2125	1	1	1	0	8	421	0	1
2126	1	2	2	0	20	1191	0	1
2127	1	1	1	0	12	597	0	1
2128	1	2	2	0	22	1383	0	1
2129	1	2	2	0	22	1383	0	1
2130	1	2	2	0	14	775	0	1
2134	1	2	2	0	14	775	0	1
2135	1	2	2	0	14	775	0	1
2136	1	2	2	0	16	903	0	1
2137	1	2	2	0	16	903	0	1
2140	1	2	2	0	12	597	0	1
2141	1	2	2	0	12	597	0	1
2142	1	2	2	0	22	1383	0	1
2143	1	2	2	0	22	1383	0	1
2144	1	2	2	0	24	1620	0	1
2146	1	2	2	0	24	1620	0	1
2147	1	2	2	0	24	1620	0	1
2148	1	2	2	0	22	1383	0	1
2153	1	2	2	0	26	1836	0	1
2154	1	2	2	0	18	967	0	1
2155	1	2	2	0	18	967	0	1
2156	1	2	2	0	16	903	0	1
2159	1	2	2	0	22	1383	0	1
2160	1	2	2	0	22	1383	0	1
2161	1	2	2	0	22	1383	0	1
2162	1	2	2	0	22	1383	0	1
2166	1	2	2	0	14	775	0	1
2167	1	2	2	0	14	775	0	1
2168	1	2	2	0	18	967	0	1
2172	1	2	2	0	18	967	0	1
2173	1	2	2	0	18	967	0	1
2174	1	2	2	0	4	217	0	1
2175	1	2	2	0	4	217	0	1
2176	1	2	2	0	10	469	0	1
2177	1	2	2	0	10	469	0	1
2178	1	2	2	0	2	133	0	1
2179	1	2	2	0	2	133	0	1
2180	1	2	2	0	16	903	0	1
2181	1	2	2	0	16	903	0	1
2182	1	2	2	0	12	597	0	1
2183	1	2	2	0	12	597	0	1
2184	1	2	2	0	14	775	0	1
2185	1	2	2	0	14	775	0	1
2186	1	2	2	0	20	1191	0	1
2187	1	2	2	0	20	1191	0	1
2188	1	2	2	0	24	1620	0	1
2192	1	2	2	0	20	1191	0	1
2193	1	2	2	0	20	1191	0	1
2198	1	2	2	0	22	1383	0	1
2199	1	2	2	0	22	1383	0	1
2200	1	2	2	0	28	2196	0	1
2201	1	2	2	0	28	2196	0	1
2204	1	2	2	0	24	1620	0	1
2205	1	2	2	0	24	1620	0	1
2210	1	2	2	0	24	1620	0	1
2211	1	2	2	0	24	1620	0	1
2216	1	2	2	0	24	1620	0	1
2217	1	2	2	0	24	1620	0	1
2218	1	2	2	0	28	2196	0	1
2219	1	2	2	0	28	2196	0	1
2223	1	2	2	0	14	775	0	1
2224	1	2	2	0	18	967	0	1
2225	1	2	2	0	18	967	0	1
2228	1	2	2	0	18	967	0	1
2229	1	2	2	0	18	967	0	1
2230	1	2	2	0	14	775	0	1
2231	1	2	2	0	14	775	0	1
2232	1	2	2	0	10	469	0	1
2233	1	2	2	0	10	469	0	1
2234	1	2	2	0	18	967	0	1
2235	1	2	2	0	18	967	0	1
2236	1	2	2	0	16	903	0	1
2237	1	2	2	0	16	903	0	1
2238	1	2	2	0	18	967	0	1
2239	1	2	2	0	18	967	0	1
2240	1	2	2	0	22	1383	0	1
2243	1	2	2	0	20	1191	0	1
2244	1	2	2	0	20	1191	0	1
2248	1	2	2	0	20	1191	0	1
2249	1	2	2	0	20	1191	0	1
2250	1	2	2	0	8	421	0	1
2251	1	2	2	0	8	421	0	1
2252	1	2	2	0	24	1620	0	1
2253	1	2	2	0	24	1620	0	1
2254	1	2	2	0	20	1191	0	1
2255	1	2	2	0	20	1191	0	1
2256	1	2	2	0	18	967	0	1
2257	1	2	2	0	18	967	0	1
2258	1	2	2	0	18	967	0	1
2259	1	2	2	0	18	967	0	1
2260	1	1	1	0	14	775	0	1
2261	1	1	1	0	14	775	0	1
2262	1	2	2	0	12	597	0	1
2263	1	2	2	0	12	597	0	1
2264	1	2	2	0	20	1191	0	1
2265	1	1	1	0	14	775	0	1
2266	1	1	1	0	10	469	0	1
2267	1	2	2	0	22	1383	0	1
2268	1	2	2	0	4	217	0	1
2269	1	2	2	0	4	217	0	1
2270	1	2	2	0	24	1620	0	1
2271	1	2	2	0	24	1620	0	1
2272	1	2	2	0	24	1620	0	1
2273	1	2	2	0	24	1620	0	1
2274	1	2	2	0	16	903	0	1
2275	1	2	2	0	16	903	0	1
2276	1	2	2	0	18	967	0	1
2277	1	2	2	0	18	967	0	1
2278	1	1	1	0	8	421	0	1
2279	1	1	1	0	8	421	0	1
2280	1	1	1	0	12	597	0	1
2281	1	2	2	0	14	775	0	1
2282	1	1	1	0	18	967	0	1
2283	1	1	1	0	18	967	0	1
2284	1	2	2	0	16	903	0	1
2285	1	2	2	0	16	903	0	1
2286	1	2	2	0	18	967	0	1
2287	1	2	2	0	18	967	0	1
2288	1	2	2	0	20	1191	0	1
2289	1	2	2	0	20	1191	0	1
2290	1	2	2	0	16	903	0	1
2291	1	2	2	0	16	903	0	1
2292	1	2	2	0	16	903	0	1
2293	1	2	2	0	16	903	0	1
2294	1	2	2	0	22	1383	0	1
2295	1	1	1	0	8	421	0	1
2298	1	1	1	0	6	309	0	1
2299	1	1	1	0	6	309	0	1
2300	1	1	1	0	8	421	0	1
2302	1	2	2	0	4	217	0	1
2303	1	2	2	0	4	217	0	1
2304	1	2	2	0	8	421	0	1
2305	1	2	2	0	8	421	0	1
2306	1	2	2	0	18	967	0	1
2307	1	2	2	0	18	967	0	1
2308	1	2	2	0	22	1383	0	1
2309	1	2	2	0	22	1383	0	1
2310	1	2	2	0	18	967	0	1
2311	1	2	2	0	18	967	0	1
2312	1	2	2	0	14	775	0	1
2313	1	2	2	0	14	775	0	1
2314	1	2	2	0	12	597	0	1
2315	1	2	2	0	12	597	0	1
2316	1	2	2	0	18	967	0	1
2317	1	2	2	0	18	967	0	1
2324	1	2	2	0	10	469	0	1
2325	1	2	2	0	10	469	0	1
2326	1	2	2	0	16	903	0	1
2327	1	2	2	0	16	903	0	1
2328	1	2	2	0	8	421	0	1
2329	1	2	2	0	8	421	0	1
2330	1	2	2	0	10	469	0	1
2331	1	2	2	0	10	469	0	1
2332	1	2	2	0	20	1191	0	1
2333	1	2	2	0	20	1191	0	1
2334	1	2	2	0	20	1191	0	1
2335	1	2	2	0	20	1191	0	1
2336	1	2	2	0	18	967	0	1
2337	1	2	2	0	18	967	0	1
2338	1	2	2	0	14	775	0	1
2344	1	2	2	0	14	775	0	1
2345	1	2	2	0	14	775	0	1
2346	1	2	2	0	26	1836	0	1
2347	1	2	2	0	26	1836	0	1
2348	1	2	2	0	20	1191	0	1
2349	1	2	2	0	20	1191	0	1
2350	1	2	2	0	22	1383	0	1
2356	1	2	2	0	20	1191	0	1
2363	1	2	2	0	22	1383	0	1
2364	1	2	2	0	18	967	0	1
2365	1	2	2	0	18	967	0	1
2366	1	2	2	0	18	967	0	1
2367	1	2	2	0	18	967	0	1
2368	1	2	2	0	12	597	0	1
2369	1	2	2	0	12	597	0	1
2370	1	2	2	0	12	597	0	1
2371	1	2	2	0	12	597	0	1
2382	1	2	2	0	16	903	0	1
2383	1	2	2	0	16	903	0	1
2384	1	2	2	0	6	309	0	1
2385	1	2	2	0	6	309	0	1
2386	1	2	2	0	16	903	0	1
2387	1	2	2	0	16	903	0	1
2388	1	2	2	0	6	309	0	1
2389	1	2	2	0	6	309	0	1
2390	1	2	2	0	12	597	0	1
2391	1	2	2	0	12	597	0	1
2392	1	2	2	0	14	775	0	1
2401	1	2	2	0	12	597	0	1
2402	1	2	2	0	10	469	0	1
2403	1	2	2	0	10	469	0	1
2404	1	2	2	0	24	1620	0	1
2405	1	2	2	0	24	1620	0	1
2406	1	2	2	0	24	1620	0	1
2407	1	2	2	0	24	1620	0	1
2421	1	2	2	0	12	597	0	1
2422	1	2	2	0	22	1383	0	1
2423	1	2	2	0	22	1383	0	1
2424	1	2	2	0	20	1191	0	1
2425	1	2	2	0	20	1191	0	1
2426	1	2	2	0	12	597	0	1
2427	1	2	2	0	12	597	0	1
2428	1	2	2	0	12	597	0	1
2440	1	2	2	0	8	421	0	1
2441	1	2	2	0	8	421	0	1
2442	1	2	2	0	8	421	0	1
2443	1	2	2	0	8	421	0	1
2444	1	2	2	0	12	597	0	1
2445	1	2	2	0	12	597	0	1
2446	1	2	2	0	16	903	0	1
2447	1	2	2	0	16	903	0	1
2448	1	2	2	0	14	775	0	1
2449	1	2	2	0	14	775	0	1
2450	1	2	2	0	18	967	0	1
2451	1	2	2	0	18	967	0	1
2452	1	2	2	0	12	597	0	1
2462	1	2	2	0	20	1191	0	1
2463	1	2	2	0	20	1191	0	1
2464	1	2	2	0	22	1383	0	1
2465	1	2	2	0	22	1383	0	1
2466	1	2	2	0	28	2196	0	1
2467	1	2	2	0	28	2196	0	1
2468	1	2	2	0	20	1191	0	1
2481	1	2	2	0	8	421	0	1
2482	1	2	2	0	20	1191	0	1
2483	1	2	2	0	20	1191	0	1
2484	1	2	2	0	18	967	0	1
2485	1	2	2	0	18	967	0	1
2486	1	2	2	0	6	309	0	1
2487	1	2	2	0	6	309	0	1
2488	1	2	2	0	18	967	0	1
2489	1	2	2	0	18	967	0	1
2490	1	2	2	0	20	1191	0	1
2491	1	2	2	0	20	1191	0	1
2500	1	2	2	0	18	967	0	1
2501	1	2	2	0	18	967	0	1
2502	1	2	2	0	22	1383	0	1
2503	1	2	2	0	22	1383	0	1
2504	1	2	2	0	16	903	0	1
2505	1	2	2	0	16	903	0	1
2506	1	2	2	0	12	597	0	1
2507	1	2	2	0	12	597	0	1
2508	1	2	2	0	14	775	0	1
2509	1	2	2	0	14	775	0	1
2510	1	2	2	0	0	81	0	1
2511	1	2	2	0	0	81	0	1
2512	1	2	2	0	8	421	0	1
2519	1	2	2	0	20	1191	0	1
2520	1	2	2	0	14	775	0	1
2521	1	2	2	0	14	775	0	1
2522	1	2	2	0	14	775	0	1
2523	1	2	2	0	14	775	0	1
2524	1	2	2	0	22	1383	0	1
2525	1	2	2	0	22	1383	0	1
2526	1	2	2	0	20	1191	0	1
2527	1	2	2	0	20	1191	0	1
2528	1	2	2	0	18	967	0	1
2529	1	2	2	0	18	967	0	1
2539	1	2	2	0	12	597	0	1
2540	1	2	2	0	8	421	0	1
2541	1	2	2	0	8	421	0	1
2542	1	2	2	0	20	1191	0	1
2543	1	2	2	0	20	1191	0	1
2544	1	2	2	0	18	967	0	1
2545	1	2	2	0	18	967	0	1
2546	1	2	2	0	14	775	0	1
2547	1	2	2	0	14	775	0	1
2548	1	2	2	0	14	775	0	1
2549	1	2	2	0	14	775	0	1
2550	1	2	2	0	14	775	0	1
2551	1	2	2	0	14	775	0	1
2552	1	2	2	0	16	903	0	1
2555	1	1	1	0	2	133	0	1
2556	1	1	1	0	8	421	0	1
2557	1	1	1	0	8	421	0	1
2558	1	1	1	0	14	775	0	1
2560	1	2	2	0	8	421	0	1
2561	1	2	2	0	8	421	0	1
2562	1	2	2	0	2	133	0	1
2563	1	2	2	0	2	133	0	1
2564	1	2	2	0	2	133	0	1
2565	1	2	2	0	2	133	0	1
2566	1	2	2	0	14	775	0	1
2567	1	2	2	0	14	775	0	1
2568	1	2	2	0	20	1191	0	1
2569	1	2	2	0	20	1191	0	1
2570	1	2	2	0	20	1191	0	1
2571	1	2	2	0	20	1191	0	1
2572	1	2	2	0	14	775	0	1
2573	1	2	2	0	14	775	0	1
2574	1	2	2	0	14	775	0	1
2575	1	2	2	0	14	775	0	1
2584	1	2	2	0	22	1383	0	1
2585	1	2	2	0	22	1383	0	1
2586	1	2	2	0	20	1191	0	1
2587	1	2	2	0	20	1191	0	1
2588	1	2	2	0	10	469	0	1
2589	1	2	2	0	10	469	0	1
2590	1	2	2	0	4	217	0	1
2591	1	2	2	0	4	217	0	1
2592	1	2	2	0	14	775	0	1
2593	1	2	2	0	14	775	0	1
2594	1	2	2	0	20	1191	0	1
2595	1	2	2	0	20	1191	0	1
2596	1	2	2	0	16	903	0	1
2602	1	2	2	0	22	1383	0	1
2604	1	2	2	0	22	1383	0	1
2605	1	2	2	0	22	1383	0	1
2606	1	2	2	0	14	775	0	1
2607	1	2	2	0	14	775	0	1
2608	1	2	2	0	20	1191	0	1
2613	1	2	2	0	20	1191	0	1
2620	1	2	2	0	24	1620	0	1
2621	1	2	2	0	24	1620	0	1
2622	1	2	2	0	22	1383	0	1
2623	1	2	2	0	22	1383	0	1
2638	1	2	2	0	28	2196	0	1
2639	1	2	2	0	28	2196	0	1
2640	1	2	2	0	20	1191	0	1
2641	1	2	2	0	20	1191	0	1
2656	1	2	2	0	16	903	0	1
2657	1	2	2	0	16	903	0	1
2658	1	2	2	0	20	1191	0	1
2659	1	2	2	0	20	1191	0	1
2660	1	2	2	0	20	1191	0	1
2661	1	2	2	0	20	1191	0	1
2676	1	2	2	0	14	775	0	1
2677	1	2	2	0	14	775	0	1
2678	1	2	2	0	22	1383	0	1
2679	1	2	2	0	22	1383	0	1
2680	1	2	2	0	12	597	0	1
2681	1	2	2	0	12	597	0	1
2682	1	2	2	0	14	775	0	1
2683	1	2	2	0	14	775	0	1
2684	1	2	2	0	8	421	0	1
2685	1	2	2	0	8	421	0	1
2696	1	2	2	0	20	1191	0	1
2697	1	2	2	0	20	1191	0	1
2698	1	2	2	0	18	967	0	1
2699	1	2	2	0	18	967	0	1
2700	1	2	2	0	20	1191	0	1
2701	1	2	2	0	20	1191	0	1
2714	1	2	2	0	22	1383	0	1
2715	1	2	2	0	22	1383	0	1
2716	1	2	2	0	26	1836	0	1
2717	1	2	2	0	26	1836	0	1
2718	1	2	2	0	10	469	0	1
2719	1	2	2	0	10	469	0	1
2720	1	2	2	0	24	1620	0	1
2732	1	2	2	0	20	1191	0	1
2733	1	2	2	0	20	1191	0	1
2734	1	2	2	0	20	1191	0	1
2735	1	2	2	0	20	1191	0	1
2736	1	2	2	0	20	1191	0	1
2737	1	2	2	0	20	1191	0	1
2738	1	2	2	0	18	967	0	1
2739	1	2	2	0	18	967	0	1
2740	1	1	1	0	16	903	0	1
2741	1	1	1	0	16	903	0	1
2742	1	1	1	0	12	597	0	1
2743	1	1	1	0	12	597	0	1
2744	1	1	1	0	6	309	0	1
2745	1	1	1	0	6	309	0	1
2746	1	1	1	0	12	597	0	1
2747	1	1	1	0	12	597	0	1
2748	1	1	1	0	16	903	0	1
2749	1	1	1	0	16	903	0	1
2750	1	1	1	0	6	309	0	1
2751	1	1	1	0	6	309	0	1
2752	1	1	1	0	12	597	0	1
2759	1	1	1	0	14	775	0	1
2760	1	1	1	0	12	597	0	1
2761	1	2	2	0	22	1383	0	1
2762	1	2	2	0	24	1620	0	1
2763	1	2	2	0	24	1620	0	1
2764	1	2	2	0	20	1191	0	1
2765	1	2	2	0	20	1191	0	1
2766	1	1	1	0	4	217	0	1
2767	1	1	1	0	4	217	0	1
2768	1	2	2	0	18	967	0	1
2769	1	2	2	0	18	967	0	1
2770	1	2	2	0	16	903	0	1
2771	1	1	1	0	12	597	0	1
2772	1	1	1	0	14	775	0	1
2773	1	1	1	0	14	775	0	1
2774	1	1	1	0	14	775	0	1
2775	1	1	1	0	14	775	0	1
2776	1	1	1	0	10	469	0	1
2777	1	1	1	0	10	469	0	1
2780	1	1	1	0	4	217	0	1
2781	1	1	1	0	4	217	0	1
2782	1	1	1	0	2	133	0	1
2783	1	1	1	0	2	133	0	1
2784	1	1	1	0	8	421	0	1
2793	1	1	1	0	12	597	0	1
2794	1	1	1	0	18	967	0	1
2795	1	1	1	0	18	967	0	1
2893	1	1	1	0	8	421	0	1
2894	1	2	2	0	20	1191	0	1
2895	1	2	2	0	20	1191	0	1
2896	1	2	2	0	20	1191	0	1
2897	1	2	2	0	20	1191	0	1
2898	1	2	2	0	12	597	0	1
2899	1	2	2	0	12	597	0	1
2900	1	1	1	0	6	309	0	1
2901	1	1	1	0	6	309	0	1
2902	1	2	2	0	22	1383	0	1
2903	1	2	2	0	22	1383	0	1
2904	1	1	1	0	18	967	0	1
2905	1	1	1	0	18	967	0	1
2912	1	2	2	0	20	1191	0	1
2913	1	2	2	0	20	1191	0	1
2914	1	2	2	0	20	1191	0	1
2915	1	2	2	0	20	1191	0	1
2918	1	2	2	0	6	309	0	1
2919	1	2	2	0	6	309	0	1
2920	1	2	2	0	14	775	0	1
2921	1	2	2	0	14	775	0	1
2922	1	2	2	0	16	903	0	1
2923	1	2	2	0	16	903	0	1
2930	1	1	1	0	10	469	0	1
2931	1	2	2	0	18	967	0	1
2932	1	2	2	0	22	1383	0	1
2933	1	2	2	0	22	1383	0	1
2934	1	1	1	0	16	903	0	1
2935	1	1	1	0	16	903	0	1
2936	1	2	2	0	22	1383	0	1
2937	1	2	2	0	22	1383	0	1
2938	1	2	2	0	18	967	0	1
2939	1	2	2	0	18	967	0	1
2940	1	2	2	0	20	1191	0	1
2941	1	2	2	0	20	1191	0	1
2950	1	2	2	0	24	1620	0	1
2951	1	2	2	0	24	1620	0	1
2952	1	2	2	0	12	597	0	1
2953	1	2	2	0	12	597	0	1
2954	1	2	2	0	20	1191	0	1
2955	1	2	2	0	20	1191	0	1
2956	1	2	2	0	6	309	0	1
2957	1	1	1	0	8	421	0	1
2958	1	1	1	0	14	775	0	1
2959	1	1	1	0	14	775	0	1
2960	1	2	2	0	8	421	0	1
2961	1	2	2	0	8	421	0	1
2962	1	2	2	0	20	1191	0	1
2963	1	2	2	0	20	1191	0	1
2964	1	1	1	0	6	309	0	1
2965	1	1	1	0	6	309	0	1
2966	1	2	2	0	22	1383	0	1
2967	1	1	1	0	4	217	0	1
2968	1	1	1	0	0	81	0	1
2969	1	1	1	0	0	81	0	1
2970	1	1	1	0	8	421	0	1
3053	1	1	1	0	12	597	0	1
3054	1	1	1	0	10	469	0	1
3055	1	2	2	0	20	1191	0	1
3056	1	2	2	0	14	775	0	1
3057	1	2	2	0	14	775	0	1
3058	1	2	2	0	12	597	0	1
3059	1	2	2	0	12	597	0	1
3060	1	2	2	0	18	967	0	1
3061	1	2	2	0	18	967	0	1
3062	1	2	2	0	20	1191	0	1
3063	1	2	2	0	20	1191	0	1
3064	1	2	2	0	20	1191	0	1
3065	1	2	2	0	20	1191	0	1
3066	1	2	2	0	22	1383	0	1
3067	1	1	1	0	12	597	0	1
3068	1	1	1	0	12	597	0	1
3069	1	1	1	0	12	597	0	1
3070	1	1	1	0	8	421	0	1
3071	1	1	1	0	8	421	0	1
3072	1	1	1	0	4	217	0	1
3073	1	1	1	0	4	217	0	1
3075	1	2	2	0	8	421	0	1
3076	1	2	2	0	18	967	0	1
3077	1	2	2	0	18	967	0	1
3078	1	2	2	0	18	967	0	1
3079	1	2	2	0	18	967	0	1
3080	1	2	2	0	18	967	0	1
3081	1	2	2	0	18	967	0	1
3082	1	2	2	0	18	967	0	1
3083	1	2	2	0	18	967	0	1
3084	1	2	2	0	10	469	0	1
3085	1	2	2	0	10	469	0	1
3086	1	2	2	0	18	967	0	1
3087	1	2	2	0	18	967	0	1
3088	1	1	1	0	6	309	0	1
3094	1	2	2	0	26	1836	0	1
3095	1	2	2	0	26	1836	0	1
3096	1	2	2	0	16	903	0	1
3097	1	2	2	0	16	903	0	1
3098	1	2	2	0	20	1191	0	1
3099	1	2	2	0	20	1191	0	1
3100	1	2	2	0	22	1383	0	1
3101	1	2	2	0	22	1383	0	1
3102	1	2	2	0	22	1383	0	1
3112	1	2	2	0	18	967	0	1
3113	1	2	2	0	18	967	0	1
3114	1	2	2	0	20	1191	0	1
3115	1	2	2	0	20	1191	0	1
3116	1	2	2	0	16	903	0	1
3117	1	2	2	0	16	903	0	1
3118	1	2	2	0	12	597	0	1
3119	1	2	2	0	12	597	0	1
3120	1	2	2	0	14	775	0	1
3121	1	2	2	0	14	775	0	1
3122	1	2	2	0	20	1191	0	1
3123	1	2	2	0	20	1191	0	1
3124	1	2	2	0	22	1383	0	1
3125	1	2	2	0	22	1383	0	1
3132	1	2	2	0	14	775	0	1
3133	1	2	2	0	14	775	0	1
3134	1	2	2	0	18	967	0	1
3135	1	2	2	0	18	967	0	1
3136	1	2	2	0	20	1191	0	1
3137	1	2	2	0	20	1191	0	1
3138	1	2	2	0	8	421	0	1
3139	1	2	2	0	8	421	0	1
3140	1	2	2	0	20	1191	0	1
3141	1	2	2	0	20	1191	0	1
3142	1	2	2	0	18	967	0	1
3143	1	2	2	0	18	967	0	1
3144	1	2	2	0	20	1191	0	1
3145	1	2	2	0	20	1191	0	1
3146	1	2	2	0	12	597	0	1
3152	1	2	2	0	20	1191	0	1
3153	1	2	2	0	20	1191	0	1
3154	1	2	2	0	16	903	0	1
3155	1	2	2	0	16	903	0	1
3156	1	2	2	0	14	775	0	1
3157	1	2	2	0	14	775	0	1
3158	1	2	2	0	22	1383	0	1
3159	1	2	2	0	22	1383	0	1
3160	1	2	2	0	20	1191	0	1
3161	1	2	2	0	20	1191	0	1
3162	1	2	2	0	8	421	0	1
3163	1	2	2	0	8	421	0	1
3164	1	2	2	0	20	1191	0	1
3165	1	2	2	0	20	1191	0	1
3166	1	2	2	0	6	309	0	1
3167	1	2	2	0	6	309	0	1
3168	1	2	2	0	22	1383	0	1
3170	1	2	2	0	14	775	0	1
3171	1	2	2	0	14	775	0	1
3172	1	2	2	0	22	1383	0	1
3173	1	2	2	0	22	1383	0	1
3174	1	2	2	0	16	903	0	1
3175	1	2	2	0	16	903	0	1
3176	1	2	2	0	22	1383	0	1
3177	1	2	2	0	22	1383	0	1
3178	1	2	2	0	26	1836	0	1
3179	1	2	2	0	26	1836	0	1
3180	1	2	2	0	6	309	0	1
3181	1	2	2	0	6	309	0	1
3182	1	2	2	0	26	1836	0	1
3183	1	2	2	0	26	1836	0	1
3189	1	2	2	0	6	309	0	1
3190	1	2	2	0	10	469	0	1
3191	1	2	2	0	10	469	0	1
3192	1	2	2	0	10	469	0	1
3193	1	2	2	0	10	469	0	1
3194	1	2	2	0	14	775	0	1
3195	1	2	2	0	14	775	0	1
3196	1	2	2	0	22	1383	0	1
3197	1	2	2	0	22	1383	0	1
3198	1	2	2	0	22	1383	0	1
3199	1	2	2	0	22	1383	0	1
3200	1	2	2	0	14	775	0	1
3201	1	2	2	0	14	775	0	1
3202	1	2	2	0	4	217	0	1
3203	1	2	2	0	4	217	0	1
3204	1	2	2	0	20	1191	0	1
3205	1	2	2	0	20	1191	0	1
3213	1	1	1	0	12	597	0	1
3214	1	1	1	0	16	903	0	1
3215	1	2	2	0	20	1191	0	1
3216	1	2	2	0	22	1383	0	1
3217	1	2	2	0	22	1383	0	1
3218	1	2	2	0	20	1191	0	1
3219	1	2	2	0	20	1191	0	1
3220	1	2	2	0	22	1383	0	1
3221	1	2	2	0	22	1383	0	1
3222	1	1	1	0	18	967	0	1
3223	1	1	1	0	18	967	0	1
3224	1	2	2	0	16	903	0	1
3225	1	2	2	0	16	903	0	1
3226	1	2	2	0	20	1191	0	1
3227	1	1	1	0	14	775	0	1
3228	1	1	1	0	16	903	0	1
3233	1	2	2	0	18	967	0	1
3234	1	2	2	0	14	775	0	1
3235	1	2	2	0	14	775	0	1
3236	1	2	2	0	16	903	0	1
3237	1	2	2	0	16	903	0	1
3238	1	2	2	0	14	775	0	1
3239	1	2	2	0	14	775	0	1
3240	1	1	1	0	8	421	0	1
3241	1	1	1	0	8	421	0	1
3242	1	1	1	0	12	597	0	1
3243	1	1	1	0	12	597	0	1
3244	1	1	1	0	8	421	0	1
3245	1	1	1	0	8	421	0	1
3246	1	1	1	0	12	597	0	1
3247	1	1	1	0	12	597	0	1
3248	1	1	1	0	10	469	0	1
3249	1	1	1	0	10	469	0	1
3250	1	1	1	0	16	903	0	1
3252	1	2	2	0	18	967	0	1
3253	1	2	2	0	18	967	0	1
3254	1	2	2	0	18	967	0	1
3255	1	2	2	0	18	967	0	1
3256	1	2	2	0	18	967	0	1
3257	1	2	2	0	18	967	0	1
3258	1	2	2	0	18	967	0	1
3262	1	1	1	0	4	217	0	1
3263	1	1	1	0	4	217	0	1
3264	1	1	1	0	16	903	0	1
3265	1	1	1	0	16	903	0	1
3266	1	1	1	0	8	421	0	1
3267	1	1	1	0	8	421	0	1
3268	1	1	1	0	8	421	0	1
3269	1	1	1	0	8	421	0	1
3270	1	1	1	0	6	309	0	1
3271	1	2	2	0	18	967	0	1
3272	1	1	1	0	12	597	0	1
3273	1	2	2	0	6	309	0	1
3274	1	2	2	0	10	469	0	1
3275	1	2	2	0	10	469	0	1
3276	1	2	2	0	12	597	0	1
3277	1	2	2	0	12	597	0	1
3278	1	2	2	0	22	1383	0	1
3279	1	2	2	0	22	1383	0	1
3280	1	2	2	0	22	1383	0	1
3282	1	1	1	0	12	597	0	1
3283	1	1	1	0	12	597	0	1
3284	1	1	1	0	8	421	0	1
3285	1	1	1	0	8	421	0	1
3286	1	1	1	0	2	133	0	1
3287	1	1	1	0	2	133	0	1
3288	1	1	1	0	6	309	0	1
3289	1	1	1	0	6	309	0	1
3290	1	1	1	0	4	217	0	1
3291	1	1	1	0	4	217	0	1
3292	1	1	1	0	4	217	0	1
3293	1	1	1	0	4	217	0	1
3294	1	1	1	0	8	421	0	1
3295	1	1	1	0	8	421	0	1
3296	1	1	1	0	6	309	0	1
3297	1	1	1	0	6	309	0	1
3298	1	1	1	0	0	81	0	1
3299	1	1	1	0	0	81	0	1
3301	1	1	1	0	12	597	0	1
3302	1	1	1	0	12	597	0	1
3303	1	1	1	0	12	597	0	1
3304	1	1	1	0	8	421	0	1
3375	1	2	2	0	10	469	0	1
3376	1	2	2	0	14	775	0	1
3377	1	2	2	0	14	775	0	1
3378	1	2	2	0	14	775	0	1
3379	1	2	2	0	14	775	0	1
3380	1	2	2	0	16	903	0	1
3381	1	2	2	0	16	903	0	1
3382	1	2	2	0	22	1383	0	1
3394	1	2	2	0	20	1191	0	1
3395	1	2	2	0	20	1191	0	1
3396	1	2	2	0	20	1191	0	1
3397	1	2	2	0	20	1191	0	1
3398	1	2	2	0	18	967	0	1
3399	1	2	2	0	18	967	0	1
3400	1	2	2	0	20	1191	0	1
3412	1	2	2	0	14	775	0	1
3413	1	2	2	0	14	775	0	1
3414	1	2	2	0	22	1383	0	1
3415	1	2	2	0	22	1383	0	1
3416	1	2	2	0	20	1191	0	1
3417	1	2	2	0	20	1191	0	1
3418	1	2	2	0	18	967	0	1
3419	1	2	2	0	18	967	0	1
3432	1	2	2	0	8	421	0	1
3433	1	2	2	0	8	421	0	1
3434	1	2	2	0	22	1383	0	1
3435	1	2	2	0	22	1383	0	1
3436	1	2	2	0	26	1836	0	1
3437	1	2	2	0	26	1836	0	1
3438	1	2	2	0	22	1383	0	1
3439	1	2	2	0	22	1383	0	1
3452	1	2	2	0	22	1383	0	1
3453	1	2	2	0	22	1383	0	1
3454	1	2	2	0	16	903	0	1
3455	1	2	2	0	16	903	0	1
3456	1	2	2	0	2	133	0	1
3457	1	2	2	0	2	133	0	1
3458	1	2	2	0	16	903	0	1
3459	1	2	2	0	16	903	0	1
3460	1	2	2	0	12	597	0	1
3461	1	2	2	0	12	597	0	1
3462	1	2	2	0	20	1191	0	1
3470	1	2	2	0	18	967	0	1
3471	1	2	2	0	18	967	0	1
3472	1	2	2	0	18	967	0	1
3473	1	2	2	0	18	967	0	1
3474	1	2	2	0	18	967	0	1
3475	1	2	2	0	18	967	0	1
3476	1	2	2	0	18	967	0	1
3477	1	2	2	0	18	967	0	1
3478	1	2	2	0	22	1383	0	1
3489	1	2	2	0	18	967	0	1
3490	1	2	2	0	14	775	0	1
3491	1	2	2	0	14	775	0	1
3492	1	2	2	0	22	1383	0	1
3493	1	2	2	0	22	1383	0	1
3494	1	2	2	0	16	903	0	1
3495	1	2	2	0	16	903	0	1
3496	1	2	2	0	20	1191	0	1
3497	1	2	2	0	20	1191	0	1
3498	1	2	2	0	16	903	0	1
3508	1	2	2	0	18	967	0	1
3509	1	2	2	0	18	967	0	1
3510	1	2	2	0	14	775	0	1
3511	1	2	2	0	14	775	0	1
3512	1	2	2	0	14	775	0	1
3513	1	2	2	0	14	775	0	1
3514	1	2	2	0	20	1191	0	1
3515	1	2	2	0	20	1191	0	1
3516	1	2	2	0	18	967	0	1
3517	1	2	2	0	18	967	0	1
3518	1	2	2	0	16	903	0	1
3519	1	2	2	0	16	903	0	1
3533	1	1	1	0	14	775	0	1
3534	1	1	1	0	14	775	0	1
3535	1	2	2	0	22	1383	0	1
3536	1	2	2	0	20	1191	0	1
3537	1	2	2	0	20	1191	0	1
3538	1	2	2	0	14	775	0	1
3539	1	2	2	0	14	775	0	1
3540	1	2	2	0	22	1383	0	1
3541	1	2	2	0	22	1383	0	1
3542	1	2	2	0	20	1191	0	1
3543	1	2	2	0	20	1191	0	1
3544	1	2	2	0	14	775	0	1
3545	1	2	2	0	14	775	0	1
3546	1	1	1	0	6	309	0	1
3547	1	1	1	0	6	309	0	1
3548	1	1	1	0	2	133	0	1
3549	1	1	1	0	2	133	0	1
3550	1	1	1	0	16	903	0	1
3551	1	1	1	0	16	903	0	1
3552	1	1	1	0	18	967	0	1
3553	1	1	1	0	18	967	0	1
3554	1	1	1	0	10	469	0	1
3565	1	1	1	0	16	903	0	1
3566	1	2	2	0	20	1191	0	1
3567	1	2	2	0	20	1191	0	1
3568	1	2	2	0	20	1191	0	1
3569	1	2	2	0	20	1191	0	1
3570	1	1	1	0	14	775	0	1
3571	1	1	1	0	14	775	0	1
3572	1	2	2	0	18	967	0	1
3573	1	2	2	0	18	967	0	1
3574	1	2	2	0	18	967	0	1
3575	1	2	2	0	18	967	0	1
3576	1	2	2	0	16	903	0	1
3577	1	2	2	0	16	903	0	1
3578	1	2	2	0	2	133	0	1
3579	1	2	2	0	2	133	0	1
3584	1	1	1	0	10	469	0	1
3585	1	2	2	0	20	1191	0	1
3586	1	2	2	0	18	967	0	1
3587	1	2	2	0	18	967	0	1
3588	1	2	2	0	22	1383	0	1
3589	1	2	2	0	22	1383	0	1
3590	1	2	2	0	18	967	0	1
3591	1	2	2	0	18	967	0	1
3592	1	2	2	0	22	1383	0	1
3593	1	2	2	0	22	1383	0	1
3594	1	2	2	0	22	1383	0	1
3595	1	1	1	0	18	967	0	1
3596	1	1	1	0	12	597	0	1
3597	1	1	1	0	12	597	0	1
3602	1	1	1	0	12	597	0	1
3603	1	1	1	0	12	597	0	1
3604	1	1	1	0	16	903	0	1
3605	1	1	1	0	16	903	0	1
3606	1	1	1	0	14	775	0	1
3607	1	1	1	0	14	775	0	1
3608	1	1	1	0	4	217	0	1
3609	1	1	1	0	4	217	0	1
3615	1	2	2	0	22	1383	0	1
3616	1	2	2	0	22	1383	0	1
3617	1	2	2	0	22	1383	0	1
3618	1	2	2	0	18	967	0	1
3619	1	2	2	0	18	967	0	1
3620	1	2	2	0	14	775	0	1
3621	1	2	2	0	14	775	0	1
3622	1	2	2	0	18	967	0	1
3623	1	2	2	0	18	967	0	1
3624	1	2	2	0	22	1383	0	1
3625	1	2	2	0	22	1383	0	1
3626	1	2	2	0	16	903	0	1
3634	1	2	2	0	16	903	0	1
3635	1	2	2	0	16	903	0	1
3636	1	2	2	0	18	967	0	1
3637	1	2	2	0	18	967	0	1
3638	1	2	2	0	22	1383	0	1
3639	1	2	2	0	22	1383	0	1
3640	1	2	2	0	20	1191	0	1
3641	1	2	2	0	20	1191	0	1
3642	1	2	2	0	10	469	0	1
3643	1	2	2	0	10	469	0	1
3644	1	2	2	0	18	967	0	1
3645	1	2	2	0	18	967	0	1
3646	1	2	2	0	14	775	0	1
3647	1	2	2	0	14	775	0	1
3648	1	2	2	0	14	775	0	1
3654	1	2	2	0	14	775	0	1
3655	1	2	2	0	14	775	0	1
3656	1	2	2	0	6	309	0	1
3657	1	2	2	0	6	309	0	1
3658	1	2	2	0	18	967	0	1
3659	1	2	2	0	18	967	0	1
3660	1	2	2	0	20	1191	0	1
3661	1	2	2	0	20	1191	0	1
3662	1	2	2	0	18	967	0	1
3663	1	2	2	0	18	967	0	1
3664	1	2	2	0	14	775	0	1
3665	1	2	2	0	14	775	0	1
3666	1	2	2	0	18	967	0	1
3667	1	2	2	0	18	967	0	1
3668	1	2	2	0	20	1191	0	1
3673	1	2	2	0	18	967	0	1
3674	1	2	2	0	20	1191	0	1
3675	1	2	2	0	20	1191	0	1
3676	1	2	2	0	22	1383	0	1
3677	1	2	2	0	22	1383	0	1
3678	1	2	2	0	24	1620	0	1
3679	1	2	2	0	24	1620	0	1
3680	1	2	2	0	20	1191	0	1
3681	1	2	2	0	20	1191	0	1
3682	1	2	2	0	20	1191	0	1
3685	1	2	2	0	24	1620	0	1
3686	1	2	2	0	6	309	0	1
3687	1	2	2	0	6	309	0	1
3688	1	2	2	0	22	1383	0	1
3692	1	2	2	0	24	1620	0	1
3693	1	2	2	0	24	1620	0	1
3694	1	2	2	0	22	1383	0	1
3695	1	2	2	0	22	1383	0	1
3696	1	2	2	0	18	967	0	1
3697	1	2	2	0	18	967	0	1
3698	1	2	2	0	24	1620	0	1
3699	1	2	2	0	24	1620	0	1
3700	1	1	1	0	16	903	0	1
3701	1	1	1	0	16	903	0	1
3702	1	1	1	0	10	469	0	1
3703	1	1	1	0	10	469	0	1
3704	1	1	1	0	4	217	0	1
3705	1	1	1	0	4	217	0	1
3706	1	1	1	0	16	903	0	1
3707	1	1	1	0	16	903	0	1
3708	1	1	1	0	14	775	0	1
3709	1	1	1	0	14	775	0	1
3719	1	1	1	0	14	775	0	1
3720	1	1	1	0	12	597	0	1
3721	1	1	1	0	12	597	0	1
3722	1	1	1	0	2	133	0	1
3723	1	1	1	0	2	133	0	1
3724	1	1	1	0	6	309	0	1
3725	1	1	1	0	6	309	0	1
3726	1	1	1	0	4	217	0	1
3727	1	1	1	0	4	217	0	1
3728	1	1	1	0	4	217	0	1
3729	1	1	1	0	4	217	0	1
3730	1	1	1	0	2	133	0	1
3731	1	1	1	0	2	133	0	1
3732	1	1	1	0	0	81	0	1
3733	1	1	1	0	0	81	0	1
3734	1	1	1	0	6	309	0	1
3735	1	1	1	0	6	309	0	1
3736	1	1	1	0	14	775	0	1
3737	1	1	1	0	14	775	0	1
3738	1	1	1	0	4	217	0	1
3739	1	1	1	0	4	217	0	1
3740	1	1	1	0	12	597	0	1
3741	1	1	1	0	12	597	0	1
3742	1	1	1	0	14	775	0	1
3743	1	1	1	0	14	775	0	1
3744	1	1	1	0	4	217	0	1
3745	1	1	1	0	4	217	0	1
3746	1	1	1	0	14	775	0	1
3747	1	1	1	0	14	775	0	1
3748	1	1	1	0	4	217	0	1
3749	1	1	1	0	4	217	0	1
3754	1	1	1	0	10	469	0	1
3755	1	1	1	0	10	469	0	1
3756	1	1	1	0	12	597	0	1
3757	1	1	1	0	12	597	0	1
3758	1	1	1	0	14	775	0	1
3759	1	1	1	0	14	775	0	1
3760	1	1	1	0	12	597	0	1
3761	1	1	1	0	12	597	0	1
3762	1	1	1	0	4	217	0	1
3763	1	1	1	0	4	217	0	1
3764	1	1	1	0	14	775	0	1
3765	1	1	1	0	14	775	0	1
3766	1	1	1	0	14	775	0	1
3767	1	1	1	0	14	775	0	1
3768	1	1	1	0	16	903	0	1
3769	1	1	1	0	16	903	0	1
3770	1	1	1	0	16	903	0	1
3771	1	1	1	0	16	903	0	1
3776	1	1	1	0	4	217	0	1
3777	1	1	1	0	4	217	0	1
3778	1	1	1	0	14	775	0	1
3779	1	1	1	0	14	775	0	1
3780	1	1	1	0	8	421	0	1
3781	1	1	1	0	8	421	0	1
3782	1	1	1	0	18	967	0	1
3783	1	1	1	0	18	967	0	1
3784	1	1	1	0	12	597	0	1
3785	1	1	1	0	12	597	0	1
3786	1	1	1	0	10	469	0	1
3787	1	1	1	0	10	469	0	1
3788	1	1	1	0	14	775	0	1
3789	1	1	1	0	14	775	0	1
3790	1	1	1	0	2	133	0	1
3791	1	1	1	0	2	133	0	1
3792	1	1	1	0	6	309	0	1
3793	1	1	1	0	6	309	0	1
3794	1	1	1	0	12	597	0	1
3798	1	1	1	0	8	421	0	1
3799	1	1	1	0	8	421	0	1
3800	1	1	1	0	8	421	0	1
3801	1	1	1	0	8	421	0	1
3802	1	1	1	0	6	309	0	1
3803	1	1	1	0	6	309	0	1
3804	1	1	1	0	12	597	0	1
3805	1	1	1	0	12	597	0	1
3806	1	1	1	0	8	421	0	1
3807	1	1	1	0	8	421	0	1
3808	1	1	1	0	10	469	0	1
3809	1	1	1	0	10	469	0	1
3810	1	1	1	0	6	309	0	1
3811	1	1	1	0	6	309	0	1
3812	1	1	1	0	4	217	0	1
3813	1	1	1	0	4	217	0	1
3814	1	1	1	0	2	133	0	1
3815	1	1	1	0	2	133	0	1
3816	1	1	1	0	10	469	0	1
3817	1	1	1	0	10	469	0	1
3818	1	1	1	0	18	967	0	1
3819	1	1	1	0	18	967	0	1
3853	1	1	1	0	12	597	0	1
3854	1	1	1	0	10	469	0	1
3855	1	1	1	0	10	469	0	1
3856	1	1	1	0	10	469	0	1
3857	1	2	2	0	18	967	0	1
3858	1	1	1	0	8	421	0	1
3859	1	1	1	0	8	421	0	1
3860	1	2	2	0	16	903	0	1
3861	1	2	2	0	16	903	0	1
3862	1	2	2	0	18	967	0	1
3863	1	2	2	0	18	967	0	1
3864	1	2	2	0	22	1383	0	1
3865	1	2	2	0	22	1383	0	1
3866	1	2	2	0	22	1383	0	1
3867	1	2	2	0	22	1383	0	1
3868	1	2	2	0	12	597	0	1
3869	1	2	2	0	12	597	0	1
3870	1	1	1	0	10	469	0	1
3871	1	1	1	0	10	469	0	1
3872	1	2	2	0	16	903	0	1
3873	1	2	2	0	16	903	0	1
3874	1	1	1	0	2	133	0	1
3875	1	1	1	0	2	133	0	1
3876	1	1	1	0	4	217	0	1
3877	1	1	1	0	4	217	0	1
3878	1	1	1	0	8	421	0	1
3879	1	2	2	0	12	597	0	1
3880	1	2	2	0	22	1383	0	1
3881	1	2	2	0	22	1383	0	1
3882	1	2	2	0	24	1620	0	1
3883	1	2	2	0	24	1620	0	1
3884	1	1	1	0	14	775	0	1
3885	1	1	1	0	14	775	0	1
3886	1	2	2	0	22	1383	0	1
3887	1	2	2	0	22	1383	0	1
3888	1	2	2	0	22	1383	0	1
3889	1	2	2	0	22	1383	0	1
3890	1	2	2	0	18	967	0	1
3891	1	1	1	0	6	309	0	1
3892	1	1	1	0	4	217	0	1
3893	1	1	1	0	4	217	0	1
3894	1	1	1	0	12	597	0	1
3895	1	1	1	0	12	597	0	1
3896	1	1	1	0	14	775	0	1
3897	1	1	1	0	14	775	0	1
3898	1	2	2	0	24	1620	0	1
3899	1	2	2	0	24	1620	0	1
3900	1	2	2	0	14	775	0	1
3901	1	2	2	0	14	775	0	1
3902	1	2	2	0	20	1191	0	1
3903	1	1	1	0	4	217	0	1
3904	1	1	1	0	4	217	0	1
3905	1	1	1	0	4	217	0	1
3906	1	1	1	0	6	309	0	1
3907	1	1	1	0	6	309	0	1
3908	1	1	1	0	8	421	0	1
3909	1	1	1	0	8	421	0	1
3910	1	1	1	0	10	469	0	1
3911	1	1	1	0	10	469	0	1
3912	1	1	1	0	10	469	0	1
3913	1	1	1	0	10	469	0	1
3914	1	1	1	0	0	81	0	1
3915	1	1	1	0	0	81	0	1
3916	1	2	2	0	22	1383	0	1
3917	1	2	2	0	22	1383	0	1
3918	1	2	2	0	16	903	0	1
3919	1	2	2	0	16	903	0	1
3920	1	2	2	0	24	1620	0	1
3921	1	2	2	0	24	1620	0	1
3922	1	1	1	0	8	421	0	1
3923	1	1	1	0	8	421	0	1
3924	1	1	1	0	10	469	0	1
3925	1	1	1	0	10	469	0	1
3926	1	1	1	0	4	217	0	1
3927	1	1	1	0	4	217	0	1
3928	1	1	1	0	2	133	0	1
3929	1	1	1	0	2	133	0	1
3930	1	1	1	0	8	421	0	1
3931	1	1	1	0	8	421	0	1
3932	1	1	1	0	12	597	0	1
3933	1	1	1	0	12	597	0	1
3934	1	2	2	0	18	967	0	1
3935	1	2	2	0	18	967	0	1
3936	1	2	2	0	12	597	0	1
3937	1	2	2	0	12	597	0	1
3938	1	1	1	0	12	597	0	1
3939	1	1	1	0	12	597	0	1
3940	1	1	1	0	8	421	0	1
3941	1	1	1	0	8	421	0	1
3942	1	2	2	0	6	309	0	1
3943	1	2	2	0	6	309	0	1
3944	1	2	2	0	12	597	0	1
3945	1	2	2	0	12	597	0	1
3946	1	2	2	0	18	967	0	1
3947	1	2	2	0	18	967	0	1
3953	1	2	2	0	18	967	0	1
3954	1	2	2	0	20	1191	0	1
3955	1	2	2	0	20	1191	0	1
3956	1	2	2	0	18	967	0	1
3957	1	2	2	0	18	967	0	1
3958	1	2	2	0	18	967	0	1
3960	1	2	2	0	20	1191	0	1
3961	1	2	2	0	20	1191	0	1
3972	1	2	2	0	2	133	0	1
3973	1	2	2	0	2	133	0	1
3974	1	2	2	0	8	421	0	1
3975	1	2	2	0	8	421	0	1
3976	1	2	2	0	8	421	0	1
3977	1	2	2	0	8	421	0	1
3978	1	2	2	0	18	967	0	1
3979	1	2	2	0	18	967	0	1
3980	1	2	2	0	16	903	0	1
3981	1	2	2	0	16	903	0	1
3982	1	2	2	0	14	775	0	1
3983	1	2	2	0	14	775	0	1
3984	1	2	2	0	24	1620	0	1
3996	1	2	2	0	6	309	0	1
3997	1	2	2	0	6	309	0	1
3998	1	2	2	0	12	597	0	1
3999	1	2	2	0	12	597	0	1
4000	1	2	2	0	14	775	0	1
4001	1	2	2	0	14	775	0	1
4002	1	2	2	0	10	469	0	1
4003	1	2	2	0	10	469	0	1
4004	1	2	2	0	24	1620	0	1
4005	1	2	2	0	24	1620	0	1
4006	1	2	2	0	28	2196	0	1
4013	1	1	1	0	0	81	0	1
4014	1	1	1	0	10	469	0	1
4015	1	1	1	0	10	469	0	1
4016	1	1	1	0	14	775	0	1
4017	1	1	1	0	14	775	0	1
4018	1	2	2	0	12	597	0	1
4019	1	2	2	0	12	597	0	1
4020	1	2	2	0	16	903	0	1
4021	1	2	2	0	16	903	0	1
4022	1	2	2	0	10	469	0	1
4023	1	2	2	0	10	469	0	1
4024	1	1	1	0	12	597	0	1
4025	1	1	1	0	12	597	0	1
4026	1	2	2	0	18	967	0	1
4027	1	2	2	0	18	967	0	1
4028	1	2	2	0	20	1191	0	1
4029	1	2	2	0	20	1191	0	1
4030	1	1	1	0	18	967	0	1
4031	1	1	1	0	18	967	0	1
4032	1	2	2	0	20	1191	0	1
4033	1	1	1	0	14	775	0	1
4034	1	1	1	0	6	309	0	1
4035	1	1	1	0	6	309	0	1
4036	1	1	1	0	14	775	0	1
4037	1	1	1	0	14	775	0	1
4038	1	1	1	0	10	469	0	1
4039	1	1	1	0	10	469	0	1
4040	1	1	1	0	18	967	0	1
4041	1	1	1	0	18	967	0	1
4042	1	2	2	0	18	967	0	1
4043	1	2	2	0	18	967	0	1
4044	1	1	1	0	10	469	0	1
4045	1	1	1	0	10	469	0	1
4046	1	1	1	0	14	775	0	1
4047	1	1	1	0	14	775	0	1
4048	1	2	2	0	8	421	0	1
4049	1	2	2	0	8	421	0	1
4050	1	2	2	0	18	967	0	1
4051	1	2	2	0	18	967	0	1
4052	1	1	1	0	12	597	0	1
4053	1	1	1	0	12	597	0	1
4054	1	1	1	0	16	903	0	1
4055	1	1	1	0	16	903	0	1
4056	1	2	2	0	12	597	0	1
4057	1	2	2	0	12	597	0	1
4058	1	2	2	0	20	1191	0	1
4059	1	2	2	0	20	1191	0	1
4060	1	2	2	0	24	1620	0	1
4061	1	2	2	0	24	1620	0	1
4062	1	2	2	0	16	903	0	1
4063	1	2	2	0	16	903	0	1
4064	1	2	2	0	16	903	0	1
4065	1	1	1	0	8	421	0	1
4066	1	1	1	0	20	1191	0	1
4067	1	1	1	0	20	1191	0	1
4068	1	2	2	0	16	903	0	1
4069	1	2	2	0	16	903	0	1
4070	1	2	2	0	18	967	0	1
4071	1	1	1	0	8	421	0	1
4072	1	1	1	0	14	775	0	1
4073	1	1	1	0	14	775	0	1
4074	1	1	1	0	6	309	0	1
4075	1	2	2	0	16	903	0	1
4076	1	1	1	0	16	903	0	1
4077	1	1	1	0	16	903	0	1
4078	1	2	2	0	12	597	0	1
4079	1	2	2	0	12	597	0	1
4080	1	1	1	0	16	903	0	1
4081	1	1	1	0	16	903	0	1
4082	1	1	1	0	14	775	0	1
4083	1	1	1	0	14	775	0	1
4084	1	2	2	0	12	597	0	1
4085	1	2	2	0	12	597	0	1
4086	1	1	1	0	12	597	0	1
4087	1	1	1	0	12	597	0	1
4088	1	2	2	0	18	967	0	1
4089	1	2	2	0	18	967	0	1
4090	1	2	2	0	14	775	0	1
4091	1	2	2	0	14	775	0	1
4092	1	2	2	0	22	1383	0	1
4093	1	2	2	0	22	1383	0	1
4094	1	2	2	0	24	1620	0	1
4095	1	1	1	0	10	469	0	1
4096	1	1	1	0	10	469	0	1
4097	1	1	1	0	10	469	0	1
4098	1	1	1	0	10	469	0	1
4099	1	1	1	0	10	469	0	1
4100	1	1	1	0	10	469	0	1
4101	1	1	1	0	10	469	0	1
4102	1	2	2	0	22	1383	0	1
4103	1	2	2	0	22	1383	0	1
4104	1	2	2	0	24	1620	0	1
4105	1	2	2	0	24	1620	0	1
4106	1	2	2	0	12	597	0	1
4107	1	2	2	0	12	597	0	1
4108	1	2	2	0	18	967	0	1
4109	1	2	2	0	18	967	0	1
4110	1	1	1	0	8	421	0	1
4111	1	1	1	0	8	421	0	1
4112	1	2	2	0	20	1191	0	1
4113	1	2	2	0	20	1191	0	1
4114	1	1	1	0	12	597	0	1
4115	1	1	1	0	12	597	0	1
4116	1	2	2	0	24	1620	0	1
4117	1	1	1	0	12	597	0	1
4118	1	1	1	0	12	597	0	1
4119	1	1	1	0	12	597	0	1
4120	1	1	1	0	6	309	0	1
4121	1	2	2	0	14	775	0	1
4122	1	2	2	0	18	967	0	1
4123	1	2	2	0	18	967	0	1
4124	1	2	2	0	20	1191	0	1
4125	1	2	2	0	20	1191	0	1
4126	1	1	1	0	12	597	0	1
4127	1	1	1	0	12	597	0	1
4128	1	1	1	0	14	775	0	1
4129	1	1	1	0	14	775	0	1
4130	1	1	1	0	18	967	0	1
4131	1	1	1	0	18	967	0	1
4132	1	2	2	0	22	1383	0	1
4133	1	2	2	0	22	1383	0	1
4134	1	2	2	0	22	1383	0	1
4135	1	2	2	0	22	1383	0	1
4136	1	2	2	0	20	1191	0	1
4137	1	1	1	0	10	469	0	1
4138	1	1	1	0	2	133	0	1
4139	1	1	1	0	2	133	0	1
4140	1	2	2	0	22	1383	0	1
4141	1	2	2	0	22	1383	0	1
4142	1	2	2	0	28	2196	0	1
4143	1	1	1	0	14	775	0	1
4144	1	1	1	0	18	967	0	1
4145	1	1	1	0	18	967	0	1
4146	1	1	1	0	14	775	0	1
4147	1	1	1	0	14	775	0	1
4148	1	1	1	0	14	775	0	1
4149	1	1	1	0	14	775	0	1
4150	1	2	2	0	20	1191	0	1
4151	1	2	2	0	20	1191	0	1
4152	1	1	1	0	8	421	0	1
4153	1	1	1	0	8	421	0	1
4154	1	2	2	0	18	967	0	1
4155	1	2	2	0	18	967	0	1
4156	1	2	2	0	14	775	0	1
4157	1	2	2	0	14	775	0	1
4158	1	2	2	0	18	967	0	1
4159	1	2	2	0	18	967	0	1
4160	1	2	2	0	16	903	0	1
4161	1	2	2	0	16	903	0	1
4162	1	2	2	0	12	597	0	1
4163	1	2	2	0	12	597	0	1
4164	1	2	2	0	18	967	0	1
4165	1	2	2	0	18	967	0	1
4166	1	1	1	0	14	775	0	1
4167	1	1	1	0	14	775	0	1
4168	1	1	1	0	10	469	0	1
4169	1	1	1	0	10	469	0	1
4170	1	1	1	0	4	217	0	1
4171	1	1	1	0	4	217	0	1
4172	1	1	1	0	0	81	0	1
4173	1	1	1	0	0	81	0	1
4174	1	1	1	0	14	775	0	1
4175	1	1	1	0	14	775	0	1
4176	1	2	2	0	18	967	0	1
4177	1	2	2	0	18	967	0	1
4178	1	2	2	0	24	1620	0	1
4179	1	2	2	0	24	1620	0	1
4180	1	2	2	0	24	1620	0	1
4181	1	2	2	0	24	1620	0	1
4182	1	2	2	0	18	967	0	1
4183	1	2	2	0	18	967	0	1
4184	1	2	2	0	14	775	0	1
4185	1	2	2	0	14	775	0	1
4186	1	1	1	0	16	903	0	1
4187	1	1	1	0	16	903	0	1
4188	1	1	1	0	22	1383	0	1
4189	1	1	1	0	22	1383	0	1
4190	1	1	1	0	16	903	0	1
4191	1	1	1	0	16	903	0	1
4192	1	2	2	0	18	967	0	1
4193	1	1	1	0	12	597	0	1
4194	1	1	1	0	16	903	0	1
4195	1	1	1	0	16	903	0	1
4196	1	2	2	0	20	1191	0	1
4197	1	2	2	0	20	1191	0	1
4198	1	1	1	0	10	469	0	1
4199	1	1	1	0	10	469	0	1
4200	1	2	2	0	22	1383	0	1
4201	1	2	2	0	22	1383	0	1
4202	1	2	2	0	24	1620	0	1
4203	1	2	2	0	24	1620	0	1
4204	1	2	2	0	16	903	0	1
4205	1	2	2	0	16	903	0	1
4206	1	1	1	0	18	967	0	1
4207	1	1	1	0	18	967	0	1
4208	1	2	2	0	20	1191	0	1
4209	1	2	2	0	20	1191	0	1
4210	1	2	2	0	6	309	0	1
4211	1	2	2	0	6	309	0	1
4212	1	2	2	0	14	775	0	1
4213	1	2	2	0	14	775	0	1
4214	1	2	2	0	10	469	0	1
4215	1	2	2	0	10	469	0	1
4216	1	2	2	0	22	1383	0	1
4217	1	2	2	0	22	1383	0	1
4218	1	2	2	0	22	1383	0	1
4219	1	2	2	0	22	1383	0	1
4220	1	2	2	0	22	1383	0	1
4221	1	2	2	0	22	1383	0	1
4222	1	2	2	0	22	1383	0	1
4223	1	2	2	0	22	1383	0	1
4226	1	2	2	0	10	469	0	1
4227	1	2	2	0	10	469	0	1
4228	1	2	2	0	6	309	0	1
4229	1	2	2	0	6	309	0	1
4230	1	2	2	0	18	967	0	1
4231	1	2	2	0	18	967	0	1
4232	1	2	2	0	22	1383	0	1
4233	1	2	2	0	22	1383	0	1
4234	1	2	2	0	18	967	0	1
4235	1	2	2	0	18	967	0	1
4236	1	2	2	0	14	775	0	1
4237	1	2	2	0	14	775	0	1
4238	1	2	2	0	22	1383	0	1
4239	1	2	2	0	22	1383	0	1
4240	1	2	2	0	20	1191	0	1
4241	1	2	2	0	20	1191	0	1
4242	1	2	2	0	14	775	0	1
4243	1	2	2	0	14	775	0	1
4246	1	2	2	0	24	1620	0	1
4247	1	2	2	0	24	1620	0	1
4248	1	2	2	0	20	1191	0	1
4249	1	2	2	0	20	1191	0	1
4250	1	2	2	0	12	597	0	1
4251	1	2	2	0	12	597	0	1
4252	1	2	2	0	10	469	0	1
4253	1	2	2	0	10	469	0	1
4254	1	2	2	0	20	1191	0	1
4255	1	2	2	0	20	1191	0	1
4256	1	2	2	0	20	1191	0	1
4257	1	2	2	0	20	1191	0	1
4258	1	2	2	0	2	133	0	1
4259	1	2	2	0	2	133	0	1
4260	1	2	2	0	20	1191	0	1
4261	1	2	2	0	20	1191	0	1
4262	1	2	2	0	18	967	0	1
4263	1	2	2	0	18	967	0	1
4264	1	2	2	0	20	1191	0	1
4265	1	2	2	0	20	1191	0	1
4266	1	2	2	0	18	967	0	1
4267	1	2	2	0	18	967	0	1
4268	1	2	2	0	10	469	0	1
4269	1	2	2	0	10	469	0	1
4270	1	2	2	0	20	1191	0	1
4271	1	2	2	0	20	1191	0	1
4272	1	2	2	0	20	1191	0	1
4273	1	2	2	0	20	1191	0	1
4274	1	2	2	0	14	775	0	1
4275	1	2	2	0	14	775	0	1
4276	1	2	2	0	14	775	0	1
4277	1	2	2	0	14	775	0	1
4278	1	2	2	0	12	597	0	1
4279	1	2	2	0	12	597	0	1
4282	1	2	2	0	18	967	0	1
4283	1	2	2	0	18	967	0	1
4284	1	2	2	0	22	1383	0	1
4285	1	2	2	0	22	1383	0	1
4286	1	2	2	0	24	1620	0	1
4287	1	2	2	0	24	1620	0	1
4288	1	2	2	0	20	1191	0	1
4289	1	2	2	0	20	1191	0	1
4290	1	2	2	0	14	775	0	1
4291	1	2	2	0	14	775	0	1
4292	1	2	2	0	6	309	0	1
4293	1	2	2	0	6	309	0	1
4294	1	2	2	0	20	1191	0	1
4295	1	2	2	0	20	1191	0	1
4296	1	2	2	0	22	1383	0	1
4297	1	2	2	0	22	1383	0	1
4298	1	2	2	0	18	967	0	1
4299	1	2	2	0	18	967	0	1
4300	1	2	2	0	22	1383	0	1
4301	1	2	2	0	22	1383	0	1
4302	1	2	2	0	18	967	0	1
4303	1	2	2	0	18	967	0	1
4304	1	2	2	0	26	1836	0	1
4305	1	2	2	0	26	1836	0	1
4306	1	2	2	0	22	1383	0	1
4307	1	2	2	0	22	1383	0	1
4308	1	2	2	0	16	903	0	1
4309	1	2	2	0	16	903	0	1
4310	1	2	2	0	22	1383	0	1
4311	1	2	2	0	22	1383	0	1
4312	1	2	2	0	20	1191	0	1
4313	1	2	2	0	20	1191	0	1
4314	1	2	2	0	22	1383	0	1
4315	1	2	2	0	22	1383	0	1
4316	1	2	2	0	22	1383	0	1
4317	1	2	2	0	22	1383	0	1
4318	1	2	2	0	28	2196	0	1
4319	1	2	2	0	28	2196	0	1
4320	1	2	2	0	26	1836	0	1
4321	1	2	2	0	26	1836	0	1
4322	1	2	2	0	22	1383	0	1
4323	1	2	2	0	22	1383	0	1
4324	1	2	2	0	8	421	0	1
4325	1	2	2	0	8	421	0	1
4326	1	2	2	0	26	1836	0	1
4327	1	2	2	0	26	1836	0	1
4328	1	2	2	0	26	1836	0	1
4329	1	2	2	0	26	1836	0	1
4330	1	2	2	0	2	133	0	1
4331	1	2	2	0	2	133	0	1
4332	1	2	2	0	24	1620	0	1
4333	1	2	2	0	24	1620	0	1
4334	1	2	2	0	24	1620	0	1
4335	1	2	2	0	24	1620	0	1
4336	1	1	1	0	2	133	0	1
4337	1	2	2	0	20	1191	0	1
4338	1	2	2	0	14	775	0	1
4339	1	2	2	0	14	775	0	1
4340	1	1	1	0	12	597	0	1
4341	1	1	1	0	12	597	0	1
4342	1	2	2	0	18	967	0	1
4343	1	2	2	0	18	967	0	1
4344	1	2	2	0	14	775	0	1
4345	1	2	2	0	14	775	0	1
4346	1	2	2	0	20	1191	0	1
4347	1	2	2	0	20	1191	0	1
4348	1	2	2	0	20	1191	0	1
4349	1	2	2	0	20	1191	0	1
4350	1	2	2	0	18	967	0	1
4351	1	2	2	0	18	967	0	1
4352	1	2	2	0	20	1191	0	1
4353	1	2	2	0	20	1191	0	1
4354	1	2	2	0	10	469	0	1
4355	1	2	2	0	10	469	0	1
4356	1	2	2	0	18	967	0	1
4357	1	2	2	0	18	967	0	1
4358	1	2	2	0	20	1191	0	1
4359	1	2	2	0	20	1191	0	1
4360	1	2	2	0	14	775	0	1
4361	1	2	2	0	14	775	0	1
4362	1	2	2	0	10	469	0	1
4363	1	2	2	0	10	469	0	1
4364	1	2	2	0	12	597	0	1
4365	1	2	2	0	12	597	0	1
4366	1	2	2	0	20	1191	0	1
4367	1	2	2	0	20	1191	0	1
4368	1	2	2	0	18	967	0	1
4369	1	2	2	0	18	967	0	1
4370	1	1	1	0	14	775	0	1
4371	1	1	1	0	14	775	0	1
4372	1	1	1	0	18	967	0	1
4373	1	1	1	0	18	967	0	1
4374	1	2	2	0	22	1383	0	1
4375	1	2	2	0	22	1383	0	1
4376	1	2	2	0	24	1620	0	1
4377	1	2	2	0	24	1620	0	1
4378	1	2	2	0	22	1383	0	1
4379	1	2	2	0	22	1383	0	1
4380	1	2	2	0	18	967	0	1
4381	1	2	2	0	18	967	0	1
4382	1	2	2	0	20	1191	0	1
4383	1	2	2	0	20	1191	0	1
4384	1	2	2	0	18	967	0	1
4385	1	2	2	0	18	967	0	1
4386	1	1	1	0	18	967	0	1
4387	1	1	1	0	18	967	0	1
4388	1	2	2	0	14	775	0	1
4389	1	2	2	0	14	775	0	1
4390	1	1	1	0	12	597	0	1
4391	1	1	1	0	12	597	0	1
4392	1	1	1	0	12	597	0	1
4393	1	1	1	0	12	597	0	1
4394	1	2	2	0	20	1191	0	1
4395	1	2	2	0	20	1191	0	1
4396	1	2	2	0	18	967	0	1
4397	1	2	2	0	18	967	0	1
4398	1	1	1	0	8	421	0	1
4399	1	1	1	0	8	421	0	1
4400	1	2	2	0	18	967	0	1
4401	1	2	2	0	18	967	0	1
4402	1	2	2	0	14	775	0	1
4403	1	2	2	0	14	775	0	1
4404	1	2	2	0	16	903	0	1
4405	1	2	2	0	16	903	0	1
4406	1	2	2	0	20	1191	0	1
4412	1	2	2	0	16	903	0	1
4413	1	2	2	0	16	903	0	1
4414	1	2	2	0	16	903	0	1
4415	1	2	2	0	16	903	0	1
4416	1	2	2	0	20	1191	0	1
4417	1	2	2	0	20	1191	0	1
4418	1	2	2	0	24	1620	0	1
4419	1	2	2	0	24	1620	0	1
4424	1	2	2	0	22	1383	0	1
4431	1	2	2	0	16	903	0	1
4432	1	2	2	0	12	597	0	1
4433	1	2	2	0	12	597	0	1
4434	1	2	2	0	22	1383	0	1
4435	1	2	2	0	22	1383	0	1
4436	1	2	2	0	14	775	0	1
4437	1	2	2	0	14	775	0	1
4438	1	2	2	0	18	967	0	1
4439	1	2	2	0	18	967	0	1
