% time	cellId	IMSI	frame	sframe	RNTI	mcs	size
0.71	1	1	72	1	1	4	225
0.729	1	1	73	10	1	4	225
0.801	1	1	81	2	1	2	137
0.81	1	2	82	1	2	6	325
0.826	1	1	83	7	1	8	437
0.828	1	2	83	9	2	2	137
0.846	1	2	85	7	2	14	807
0.848	1	1	85	9	1	8	437
0.851	1	1	86	2	1	8	437
0.866	1	2	87	7	2	8	437
0.879	1	1	88	10	1	2	137
0.883	1	1	89	4	1	2	137
0.884	1	2	89	5	2	18	999
0.886	1	2	89	7	2	18	999
0.891	1	1	90	2	1	8	437
0.904	1	2	91	5	2	18	999
0.91	1	2	92	1	2	18	485
0.911	1	2	92	2	2	20	597
0.923	1	2	93	4	2	20	597
0.926	1	2	93	7	2	20	597
0.927	1	2	93	8	2	20	597
0.93	1	2	94	1	2	18	485
0.942	1	2	95	3	2	18	485
0.943	1	2	95	4	2	18	485
0.944	1	2	95	5	2	18	485
0.946	1	2	95	7	2	18	485
0.95	1	2	96	1	2	16	453
0.951	1	2	96	2	2	18	485
0.961	1	2	97	2	2	18	485
0.965	1	2	97	6	2	8	209
0.968	1	2	97	9	2	8	209
0.97	1	2	98	1	2	8	209
0.972	1	2	98	3	2	18	485
0.974	1	2	98	5	2	18	485
0.977	1	2	98	8	2	10	233
0.98	1	2	99	1	2	10	233
0.981	1	2	99	2	2	2	65
0.982	1	2	99	3	2	2	65
0.983	1	2	99	4	2	2	65
0.984	1	2	99	5	2	14	389
0.985	1	2	99	6	2	14	389
0.986	1	2	99	7	2	14	389
0.99	1	2	100	1	2	6	153
0.991	1	2	100	2	2	0	41
0.992	1	2	100	3	2	0	41
0.994	1	2	100	5	2	0	41
0.995	1	2	100	6	2	0	41
0.996	1	2	100	7	2	0	41
0.997	1	2	100	8	2	14	389
0.998	1	2	100	9	2	10	233
0.999	1	2	100	10	2	4	105
1	1	2	101	1	2	4	105
1.001	1	2	101	2	2	12	301
1.01	1	2	102	1	2	6	153
1.013	1	2	102	4	2	6	153
1.014	1	2	102	5	2	6	153
1.015	1	2	102	6	2	6	153
1.016	1	2	102	7	2	6	153
1.02	1	2	103	1	2	6	153
1.021	1	2	103	2	2	6	153
1.029	1	2	103	10	2	6	153
1.03	1	2	104	1	2	6	153
1.031	1	2	104	2	2	6	153
1.032	1	2	104	3	2	6	153
1.033	1	2	104	4	2	6	153
1.034	1	2	104	5	2	6	153
1.035	1	2	104	6	2	6	153
1.036	1	2	104	7	2	6	153
1.047	1	2	105	8	2	16	453
1.048	1	2	105	9	2	16	453
1.049	1	2	105	10	2	16	453
1.05	1	2	106	1	2	16	453
1.051	1	2	106	2	2	16	453
1.052	1	2	106	3	2	16	453
1.054	1	2	106	5	2	16	453
1.055	1	2	106	6	2	18	485
1.066	1	2	107	7	2	18	485
1.068	1	2	107	9	2	18	485
1.069	1	2	107	10	2	18	485
1.07	1	2	108	1	2	18	485
1.071	1	2	108	2	2	18	485
1.072	1	2	108	3	2	18	485
1.073	1	2	108	4	2	18	485
1.074	1	2	108	5	2	18	485
1.085	1	2	109	6	2	10	233
1.087	1	2	109	8	2	10	233
1.088	1	2	109	9	2	10	233
1.089	1	2	109	10	2	10	233
1.09	1	2	110	1	2	10	233
1.091	1	2	110	2	2	10	233
1.092	1	2	110	3	2	8	209
1.093	1	2	110	4	2	8	209
1.094	1	2	110	5	2	6	153
1.095	1	2	110	6	2	4	105
1.103	1	2	111	4	2	4	105
1.104	1	2	111	5	2	4	105
1.105	1	2	111	6	2	4	105
1.106	1	2	111	7	2	4	105
1.107	1	2	111	8	2	4	105
1.108	1	2	111	9	2	4	105
1.109	1	2	111	10	2	4	105
1.11	1	2	112	1	2	16	453
1.111	1	2	112	2	2	18	485
1.112	1	2	112	3	2	18	485
1.113	1	2	112	4	2	12	301
1.121	1	1	113	2	1	2	65
1.121	1	2	113	2	2	6	153
1.122	1	1	113	3	1	2	65
1.122	1	2	113	3	2	12	301
1.123	1	1	113	4	1	2	65
1.123	1	2	113	4	2	12	301
1.124	1	1	113	5	1	2	65
1.124	1	2	113	5	2	12	301
1.125	1	1	113	6	1	2	137
1.126	1	2	113	7	2	12	621
1.129	1	2	113	10	2	12	621
1.131	1	2	114	2	2	2	137
1.141	1	2	115	2	2	2	137
1.144	1	2	115	5	2	2	137
1.146	1	2	115	7	2	2	137
1.147	1	2	115	8	2	2	137
1.148	1	2	115	9	2	12	621
1.15	1	1	116	1	1	4	225
1.152	1	1	116	3	1	4	225
1.153	1	1	116	4	1	4	225
1.162	1	1	117	3	1	4	105
1.163	1	1	117	4	1	4	105
1.173	1	1	118	4	1	8	209
1.179	1	1	118	10	1	8	209
1.186	1	1	119	7	1	2	65
1.194	1	1	120	5	1	2	65
1.195	1	1	120	6	1	2	65
1.196	1	1	120	7	1	2	65
1.197	1	1	120	8	1	2	65
1.198	1	1	120	9	1	2	65
1.199	1	1	120	10	1	2	65
1.2	1	1	121	1	1	2	65
1.201	1	1	121	2	1	6	153
1.202	1	1	121	3	1	4	105
1.203	1	1	121	4	1	2	65
1.204	1	1	121	5	1	0	41
1.211	1	1	122	2	1	6	153
1.218	1	1	122	9	1	6	153
1.22	1	1	123	1	1	6	153
1.221	1	1	123	2	1	6	153
1.227	1	1	123	8	1	12	301
1.232	1	1	124	3	1	12	301
1.234	1	1	124	5	1	14	389
1.235	1	1	124	6	1	14	389
1.238	1	1	124	9	1	14	389
1.245	1	1	125	6	1	0	41
1.246	1	1	125	7	1	0	41
1.247	1	1	125	8	1	0	41
1.25	1	1	126	1	1	0	41
1.251	1	1	126	2	1	0	41
1.257	1	1	126	8	1	2	65
1.26	1	1	127	1	1	2	65
1.264	1	1	127	5	1	2	65
1.265	1	1	127	6	1	2	65
1.28	1	1	129	1	1	0	41
1.281	1	1	129	2	1	6	153
1.282	1	2	129	3	2	14	807
1.285	1	1	129	6	1	6	325
1.302	1	2	131	3	2	18	999
1.303	1	2	131	4	2	18	999
1.305	1	2	131	6	2	18	999
1.306	1	2	131	7	2	18	999
1.308	1	2	131	9	2	18	999
1.31	1	2	132	1	2	6	325
1.312	1	2	132	3	2	4	225
1.323	1	1	133	4	1	6	153
1.323	1	2	133	4	2	4	105
1.325	1	2	133	6	2	4	225
1.326	1	2	133	7	2	4	225
1.328	1	2	133	9	2	4	225
1.329	1	2	133	10	2	4	225
1.33	1	2	134	1	2	4	225
1.332	1	2	134	3	2	8	437
1.344	1	2	135	5	2	8	437
1.345	1	2	135	6	2	8	437
1.346	1	2	135	7	2	8	437
1.347	1	2	135	8	2	8	437
1.348	1	2	135	9	2	8	437
1.349	1	2	135	10	2	8	437
1.35	1	2	136	1	2	8	437
1.351	1	2	136	2	2	2	137
1.352	1	2	136	3	2	8	437
1.353	1	2	136	4	2	12	621
1.363	1	1	137	4	1	2	65
1.363	1	2	137	4	2	12	301
1.364	1	2	137	5	2	12	621
1.365	1	2	137	6	2	12	621
1.37	1	1	138	1	1	4	105
1.37	1	2	138	1	2	10	233
1.387	1	1	139	8	1	6	153
1.391	1	1	140	2	1	6	153
1.407	1	1	141	8	1	2	65
1.413	1	1	142	4	1	2	65
1.42	1	1	143	1	1	0	41
1.426	1	1	143	7	1	0	41
1.427	1	1	143	8	1	4	105
1.433	1	1	144	4	1	8	209
1.436	1	1	144	7	1	6	153
1.442	1	2	145	3	2	16	967
1.447	1	1	145	8	1	2	137
1.45	1	1	146	1	1	2	137
1.453	1	1	146	4	1	2	137
1.461	1	2	147	2	2	16	453
1.464	1	2	147	5	2	16	453
1.466	1	2	147	7	2	16	453
1.468	1	2	147	9	2	10	233
1.481	1	2	149	2	2	10	233
1.483	1	2	149	4	2	10	233
1.484	1	2	149	5	2	10	233
1.489	1	2	149	10	2	14	389
1.5	1	2	151	1	2	18	485
1.503	1	2	151	4	2	18	485
1.508	1	2	151	9	2	18	485
1.509	1	2	151	10	2	18	485
1.519	1	2	152	10	2	8	209
1.523	1	2	153	4	2	8	209
1.526	1	2	153	7	2	8	209
1.528	1	2	153	9	2	8	209
1.539	1	2	154	10	2	16	453
1.541	1	2	155	2	2	16	453
1.542	1	2	155	3	2	16	453
1.545	1	2	155	6	2	16	453
1.557	1	2	156	8	2	10	233
1.559	1	2	156	10	2	10	233
1.56	1	2	157	1	2	10	233
1.562	1	2	157	3	2	10	233
1.563	1	2	157	4	2	10	233
1.564	1	2	157	5	2	16	453
1.577	1	2	158	8	2	16	453
1.579	1	2	158	10	2	16	453
1.58	1	2	159	1	2	16	453
1.584	1	2	159	5	2	6	153
1.585	1	2	159	6	2	6	153
1.597	1	2	160	8	2	12	301
1.599	1	2	160	10	2	12	301
1.6	1	2	161	1	2	12	301
1.602	1	2	161	3	2	14	389
1.603	1	2	161	4	2	14	389
1.615	1	2	162	6	2	14	389
1.617	1	2	162	8	2	14	389
1.618	1	2	162	9	2	14	389
1.621	1	2	163	2	2	14	389
1.623	1	2	163	4	2	8	209
1.636	1	2	164	7	2	18	485
1.639	1	2	164	10	2	18	485
1.641	1	2	165	2	2	18	485
1.644	1	2	165	5	2	16	453
1.646	1	2	165	7	2	6	153
1.654	1	2	166	5	2	6	153
1.655	1	2	166	6	2	6	153
1.656	1	2	166	7	2	6	153
1.657	1	2	166	8	2	6	153
1.658	1	2	166	9	2	6	153
1.659	1	2	166	10	2	6	153
1.66	1	2	167	1	2	6	153
1.661	1	2	167	2	2	10	233
1.662	1	2	167	3	2	12	301
1.663	1	2	167	4	2	10	233
1.674	1	2	168	5	2	10	233
1.676	1	2	168	7	2	10	233
1.679	1	2	168	10	2	10	233
1.692	1	2	170	3	2	4	105
1.694	1	2	170	5	2	4	105
1.695	1	2	170	6	2	4	105
1.696	1	2	170	7	2	4	105
1.712	1	2	172	3	2	4	105
1.715	1	2	172	6	2	4	105
1.717	1	2	172	8	2	4	105
1.718	1	2	172	9	2	4	105
1.732	1	2	174	3	2	12	301
1.734	1	2	174	5	2	12	301
1.737	1	2	174	8	2	12	301
1.75	1	2	176	1	2	10	233
1.752	1	2	176	3	2	10	233
1.754	1	2	176	5	2	10	233
1.761	1	1	177	2	1	4	225
1.768	1	2	177	9	2	2	137
1.77	1	2	178	1	2	2	137
1.771	1	2	178	2	2	2	137
1.772	1	2	178	3	2	2	137
1.775	1	2	178	6	2	16	967
1.78	1	1	179	1	1	8	437
1.782	1	1	179	3	1	8	437
1.783	1	1	179	4	1	8	437
1.786	1	1	179	7	1	8	437
1.788	1	1	179	9	1	8	437
1.792	1	2	180	3	2	12	621
1.794	1	2	180	5	2	12	621
1.796	1	2	180	7	2	12	621
1.797	1	2	180	8	2	12	621
1.799	1	1	180	10	1	0	85
1.802	1	1	181	3	1	0	85
1.803	1	1	181	4	1	0	85
1.806	1	1	181	7	1	2	137
1.807	1	1	181	8	1	2	137
1.812	1	2	182	3	2	18	999
1.815	1	1	182	6	1	2	137
1.818	1	2	182	9	2	18	999
1.82	1	2	183	1	2	6	325
1.821	1	2	183	2	2	6	325
1.831	1	2	184	2	2	4	225
1.834	1	2	184	5	2	4	225
1.837	1	2	184	8	2	4	225
1.838	1	2	184	9	2	6	325
1.84	1	1	185	1	1	2	137
1.849	1	2	185	10	2	6	325
1.85	1	2	186	1	2	6	325
1.851	1	2	186	2	2	6	325
1.853	1	2	186	4	2	6	325
1.859	1	1	186	10	1	0	85
1.868	1	2	187	9	2	12	621
1.87	1	2	188	1	2	12	621
1.872	1	2	188	3	2	12	621
1.874	1	2	188	5	2	12	621
1.879	1	2	188	10	2	18	999
1.881	1	1	189	2	1	4	225
1.887	1	2	189	8	2	18	999
1.889	1	2	189	10	2	18	999
1.89	1	2	190	1	2	18	999
1.893	1	2	190	4	2	18	999
1.894	1	2	190	5	2	14	807
1.901	1	1	191	2	1	10	501
1.903	1	1	191	4	1	10	501
1.907	1	2	191	8	2	14	807
1.91	1	2	192	1	2	14	807
1.911	1	2	192	2	2	14	807
1.913	1	2	192	4	2	14	807
1.915	1	2	192	6	2	12	621
1.923	1	1	193	4	1	6	325
1.926	1	2	193	7	2	14	807
1.93	1	2	194	1	2	14	807
1.937	1	2	194	8	2	10	501
1.938	1	2	194	9	2	10	501
1.941	1	1	195	2	1	6	325
1.945	1	2	195	6	2	12	621
1.947	1	2	195	8	2	12	621
1.95	1	2	196	1	2	12	621
1.953	1	2	196	4	2	8	209
1.955	1	2	196	6	2	6	153
1.957	1	2	196	8	2	14	389
1.959	1	2	196	10	2	14	389
1.964	1	2	197	5	2	16	453
1.965	1	2	197	6	2	16	453
1.968	1	2	197	9	2	12	301
1.97	1	2	198	1	2	12	301
1.972	1	2	198	3	2	16	453
1.974	1	2	198	5	2	16	453
1.976	1	2	198	7	2	12	301
1.978	1	2	198	9	2	8	209
1.983	1	2	199	4	2	6	153
1.986	1	2	199	7	2	6	153
1.987	1	2	199	8	2	6	153
1.989	1	2	199	10	2	6	153
1.99	1	2	200	1	2	8	209
1.992	1	2	200	3	2	8	209
1.995	1	2	200	6	2	4	105
2.001	1	2	201	2	2	4	105
2.004	1	2	201	5	2	18	485
2.005	1	2	201	6	2	18	485
2.006	1	2	201	7	2	18	485
2.007	1	2	201	8	2	18	485
2.008	1	2	201	9	2	18	485
2.013	1	2	202	4	2	4	105
2.02	1	2	203	1	2	10	233
2.022	1	2	203	3	2	10	233
2.024	1	2	203	5	2	10	233
2.026	1	2	203	7	2	10	233
2.027	1	2	203	8	2	18	485
2.028	1	2	203	9	2	18	485
2.029	1	2	203	10	2	18	485
2.032	1	2	204	3	2	18	485
2.039	1	2	204	10	2	14	389
2.042	1	2	205	3	2	14	389
2.044	1	2	205	5	2	14	389
2.045	1	2	205	6	2	14	389
2.047	1	2	205	8	2	4	105
2.048	1	2	205	9	2	4	105
2.049	1	2	205	10	2	0	41
2.05	1	2	206	1	2	0	41
2.051	1	2	206	2	2	6	153
2.059	1	2	206	10	2	6	153
2.06	1	2	207	1	2	6	153
2.062	1	2	207	3	2	6	153
2.063	1	2	207	4	2	6	153
2.064	1	2	207	5	2	6	153
2.066	1	2	207	7	2	4	105
2.067	1	2	207	8	2	8	209
2.068	1	2	207	9	2	8	209
2.07	1	2	208	1	2	2	65
2.079	1	2	208	10	2	2	65
2.081	1	1	209	2	1	6	153
2.081	1	2	209	2	2	2	65
2.082	1	2	209	3	2	8	437
2.083	1	2	209	4	2	8	437
2.084	1	2	209	5	2	8	437
2.086	1	2	209	7	2	8	437
2.087	1	2	209	8	2	8	437
2.098	1	2	210	9	2	14	807
2.099	1	2	210	10	2	14	807
2.102	1	1	211	3	1	4	225
2.104	1	2	211	5	2	14	807
2.105	1	2	211	6	2	18	999
2.106	1	2	211	7	2	14	807
2.107	1	2	211	8	2	14	807
2.108	1	2	211	9	2	14	807
2.11	1	2	212	1	2	14	807
2.111	1	2	212	2	2	8	437
2.112	1	2	212	3	2	12	621
2.113	1	2	212	4	2	14	807
2.116	1	2	212	7	2	14	389
2.117	1	2	212	8	2	10	233
2.122	1	2	213	3	2	10	233
2.123	1	2	213	4	2	18	485
2.124	1	2	213	5	2	16	453
2.128	1	2	213	9	2	16	453
2.129	1	2	213	10	2	8	209
2.132	1	2	214	3	2	8	209
2.134	1	2	214	5	2	8	209
2.135	1	2	214	6	2	12	301
2.136	1	2	214	7	2	10	233
2.141	1	2	215	2	2	10	233
2.142	1	2	215	3	2	6	153
2.147	1	2	215	8	2	6	153
2.149	1	2	215	10	2	4	105
2.152	1	2	216	3	2	4	105
2.154	1	2	216	5	2	14	389
2.16	1	2	217	1	2	14	389
2.162	1	2	217	3	2	2	65
2.166	1	2	217	7	2	2	65
2.167	1	2	217	8	2	0	41
2.168	1	2	217	9	2	0	41
2.169	1	2	217	10	2	12	301
2.174	1	2	218	5	2	12	301
2.18	1	2	219	1	2	18	485
2.186	1	2	219	7	2	22	693
2.189	1	2	219	10	2	12	301
2.192	1	2	220	3	2	12	301
2.194	1	2	220	5	2	10	233
2.198	1	2	220	9	2	18	485
2.204	1	2	221	5	2	10	233
2.211	1	2	222	2	2	8	209
2.216	1	2	222	7	2	8	209
2.222	1	2	223	3	2	18	485
2.223	1	2	223	4	2	8	209
2.224	1	2	223	5	2	8	209
2.225	1	2	223	6	2	8	209
2.231	1	2	224	2	2	10	233
2.236	1	2	224	7	2	10	233
2.239	1	2	224	10	2	12	301
2.241	1	1	225	2	1	10	501
2.242	1	2	225	3	2	16	967
2.244	1	2	225	5	2	16	967
2.246	1	2	225	7	2	14	807
2.25	1	2	226	1	2	14	807
2.255	1	2	226	6	2	2	137
2.258	1	2	226	9	2	10	501
2.259	1	2	226	10	2	10	501
2.261	1	2	227	2	2	10	501
2.263	1	2	227	4	2	8	437
2.267	1	1	227	8	1	4	225
2.269	1	2	227	10	2	6	325
2.273	1	2	228	4	2	8	437
2.276	1	2	228	7	2	14	807
2.278	1	2	228	9	2	14	807
2.279	1	2	228	10	2	14	807
2.282	1	2	229	3	2	18	999
2.29	1	2	230	1	2	16	453
2.292	1	2	230	3	2	16	453
2.294	1	2	230	5	2	16	453
2.296	1	2	230	7	2	16	453
2.301	1	2	231	2	2	14	389
2.312	1	2	232	3	2	14	389
2.314	1	2	232	5	2	14	389
2.316	1	2	232	7	2	14	389
2.318	1	2	232	9	2	14	389
2.322	1	2	233	3	2	8	209
2.323	1	2	233	4	2	8	209
2.332	1	2	234	3	2	8	209
2.333	1	2	234	4	2	8	209
2.335	1	2	234	6	2	8	209
2.337	1	2	234	8	2	8	209
2.338	1	2	234	9	2	8	209
2.339	1	2	234	10	2	0	41
2.344	1	2	235	5	2	8	209
2.351	1	2	236	2	2	6	153
2.353	1	2	236	4	2	6	153
2.355	1	2	236	6	2	6	153
2.362	1	2	237	3	2	16	453
2.37	1	2	238	1	2	16	453
2.372	1	2	238	3	2	16	453
2.375	1	2	238	6	2	16	453
2.389	1	2	239	10	2	6	153
2.392	1	2	240	3	2	6	153
2.396	1	2	240	7	2	12	301
2.409	1	2	241	10	2	8	209
2.411	1	2	242	2	2	8	209
2.412	1	2	242	3	2	8	209
2.428	1	2	243	9	2	20	597
2.429	1	2	243	10	2	20	597
2.431	1	2	244	2	2	20	597
2.434	1	2	244	5	2	20	597
2.45	1	2	246	1	2	12	301
2.453	1	2	246	4	2	12	301
2.456	1	2	246	7	2	12	301
2.458	1	2	246	9	2	12	301
2.469	1	2	247	10	2	8	209
2.471	1	2	248	2	2	8	209
2.472	1	2	248	3	2	8	209
2.473	1	2	248	4	2	8	209
2.488	1	2	249	9	2	10	233
2.49	1	2	250	1	2	10	233
2.493	1	2	250	4	2	10	233
2.496	1	2	250	7	2	14	389
2.507	1	2	251	8	2	8	209
2.508	1	2	251	9	2	8	209
2.51	1	2	252	1	2	8	209
2.513	1	2	252	4	2	8	209
2.518	1	2	252	9	2	18	485
2.527	1	2	253	8	2	2	65
2.529	1	2	253	10	2	2	65
2.53	1	2	254	1	2	2	65
2.531	1	2	254	2	2	2	65
2.532	1	2	254	3	2	2	65
2.533	1	2	254	4	2	2	65
2.534	1	2	254	5	2	8	209
2.535	1	2	254	6	2	8	209
2.548	1	2	255	9	2	14	389
2.55	1	2	256	1	2	14	389
2.552	1	2	256	3	2	14	389
2.555	1	2	256	6	2	12	301
2.558	1	2	256	9	2	12	301
2.572	1	2	258	3	2	6	153
2.575	1	2	258	6	2	6	153
2.576	1	2	258	7	2	6	153
2.579	1	2	258	10	2	18	485
2.581	1	2	259	2	2	18	485
2.59	1	2	260	1	2	6	153
2.591	1	2	260	2	2	6	153
2.592	1	2	260	3	2	6	153
2.593	1	2	260	4	2	6	153
2.594	1	2	260	5	2	6	153
2.595	1	2	260	6	2	6	153
2.597	1	2	260	8	2	12	301
2.599	1	2	260	10	2	12	301
2.6	1	2	261	1	2	12	301
2.601	1	2	261	2	2	12	301
2.602	1	2	261	3	2	14	389
2.608	1	2	261	9	2	12	301
2.611	1	2	262	2	2	12	301
2.614	1	2	262	5	2	12	301
2.626	1	2	263	7	2	12	301
2.627	1	2	263	8	2	12	301
2.629	1	2	263	10	2	12	301
2.644	1	2	265	5	2	14	389
2.645	1	2	265	6	2	14	389
2.647	1	2	265	8	2	14	389
2.664	1	2	267	5	2	6	153
2.666	1	2	267	7	2	6	153
2.667	1	2	267	8	2	6	153
2.684	1	2	269	5	2	14	389
2.685	1	2	269	6	2	14	389
2.689	1	2	269	10	2	14	389
2.702	1	2	271	3	2	8	209
2.704	1	2	271	5	2	8	209
2.706	1	2	271	7	2	8	209
2.72	1	2	273	1	2	4	105
2.721	1	1	273	2	1	0	85
2.722	1	2	273	3	2	10	233
2.722	1	1	273	3	1	0	41
2.723	1	2	273	4	2	10	233
2.723	1	1	273	4	1	0	41
2.724	1	1	273	5	1	0	85
2.726	1	2	273	7	2	10	501
2.747	1	1	275	8	1	12	301
2.747	1	2	275	8	2	20	597
2.748	1	1	275	9	1	12	621
2.75	1	1	276	1	1	12	621
2.753	1	1	276	4	1	12	621
2.755	1	1	276	6	1	2	137
2.766	1	1	277	7	1	2	137
2.779	1	1	278	10	1	2	65
2.781	1	1	279	2	1	2	65
2.782	1	1	279	3	1	2	65
2.783	1	1	279	4	1	2	65
2.784	1	1	279	5	1	2	65
2.785	1	1	279	6	1	2	65
2.881	1	1	289	2	1	2	65
2.882	1	2	289	3	2	12	621
2.9	1	2	291	1	2	14	807
2.902	1	2	291	3	2	14	807
2.904	1	2	291	5	2	14	807
2.909	1	2	291	10	2	8	437
2.918	1	1	292	9	1	2	65
2.918	1	2	292	9	2	8	209
2.92	1	2	293	1	2	8	437
2.925	1	2	293	6	2	8	437
2.928	1	2	293	9	2	8	437
2.938	1	2	294	9	2	6	325
2.939	1	2	294	10	2	6	325
2.943	1	1	295	4	1	0	41
2.943	1	2	295	4	2	6	153
2.945	1	1	295	6	1	0	41
2.945	1	2	295	6	2	12	301
2.946	1	2	295	7	2	12	621
3.041	1	1	305	2	1	6	153
3.042	1	2	305	3	2	8	437
3.063	1	2	307	4	2	12	621
3.066	1	2	307	7	2	12	621
3.068	1	2	307	9	2	12	621
3.07	1	2	308	1	2	14	807
3.072	1	2	308	3	2	14	807
3.082	1	2	309	3	2	12	301
3.084	1	2	309	5	2	12	301
3.087	1	2	309	8	2	12	301
3.089	1	2	309	10	2	18	485
3.092	1	2	310	3	2	18	485
3.1	1	2	311	1	2	12	301
3.101	1	2	311	2	2	12	301
3.103	1	2	311	4	2	12	301
3.105	1	2	311	6	2	12	301
3.107	1	2	311	8	2	12	301
3.108	1	2	311	9	2	12	301
3.12	1	2	313	1	2	12	301
3.121	1	2	313	2	2	12	301
3.124	1	2	313	5	2	12	301
3.127	1	2	313	8	2	4	105
3.128	1	2	313	9	2	4	105
3.129	1	2	313	10	2	4	105
3.131	1	2	314	2	2	6	153
3.14	1	2	315	1	2	6	153
3.142	1	2	315	3	2	6	153
3.145	1	2	315	6	2	6	153
3.147	1	2	315	8	2	6	153
3.148	1	2	315	9	2	6	153
3.149	1	2	315	10	2	12	301
3.151	1	2	316	2	2	12	301
3.158	1	2	316	9	2	8	209
3.16	1	2	317	1	2	8	209
3.163	1	2	317	4	2	8	209
3.165	1	2	317	6	2	14	389
3.166	1	2	317	7	2	14	389
3.17	1	2	318	1	2	12	301
3.171	1	2	318	2	2	12	301
3.177	1	2	318	8	2	4	105
3.179	1	2	318	10	2	4	105
3.181	1	2	319	2	2	4	105
3.182	1	2	319	3	2	4	105
3.183	1	2	319	4	2	4	105
3.184	1	2	319	5	2	12	301
3.185	1	2	319	6	2	12	301
3.188	1	2	319	9	2	4	105
3.201	1	1	321	2	1	4	105
3.202	1	2	321	3	2	8	437
3.203	1	2	321	4	2	8	437
3.205	1	2	321	6	2	8	437
3.207	1	2	321	8	2	8	437
3.211	1	2	322	2	2	18	999
3.221	1	2	323	2	2	14	807
3.222	1	2	323	3	2	14	807
3.223	1	2	323	4	2	14	807
3.224	1	2	323	5	2	14	807
3.225	1	2	323	6	2	14	807
3.226	1	2	323	7	2	14	807
3.227	1	2	323	8	2	14	807
3.228	1	1	323	9	1	4	225
3.23	1	2	324	1	2	10	501
3.231	1	2	324	2	2	8	437
3.232	1	2	324	3	2	4	225
3.234	1	1	324	5	1	4	225
3.24	1	2	325	1	2	4	225
3.241	1	2	325	2	2	4	225
3.242	1	2	325	3	2	4	225
3.243	1	2	325	4	2	4	225
3.245	1	2	325	6	2	4	225
3.246	1	2	325	7	2	4	225
3.25	1	1	326	1	1	2	137
3.254	1	1	326	5	1	2	137
3.259	1	2	326	10	2	6	325
3.261	1	2	327	2	2	6	325
3.263	1	2	327	4	2	6	325
3.27	1	1	328	1	1	2	137
3.274	1	1	328	5	1	2	137
3.289	1	1	329	10	1	8	209
3.362	1	2	337	3	2	0	41
3.363	1	2	337	4	2	0	41
3.364	1	2	337	5	2	0	41
3.365	1	2	337	6	2	0	41
3.382	1	2	339	3	2	10	233
3.385	1	2	339	6	2	10	233
3.387	1	2	339	8	2	10	233
3.4	1	2	341	1	2	8	209
3.402	1	2	341	3	2	8	209
3.404	1	2	341	5	2	8	209
3.406	1	2	341	7	2	8	209
3.42	1	2	343	1	2	18	485
3.421	1	2	343	2	2	18	485
3.423	1	2	343	4	2	18	485
3.425	1	2	343	6	2	18	485
3.44	1	2	345	1	2	12	301
3.442	1	2	345	3	2	12	301
3.443	1	2	345	4	2	12	301
3.444	1	2	345	5	2	12	301
3.458	1	2	346	9	2	2	65
3.46	1	2	347	1	2	2	65
3.461	1	2	347	2	2	2	65
3.464	1	2	347	5	2	2	65
3.465	1	2	347	6	2	16	453
3.467	1	2	347	8	2	14	389
3.477	1	2	348	8	2	14	389
3.479	1	2	348	10	2	14	389
3.481	1	2	349	2	2	14	389
3.483	1	2	349	4	2	14	389
3.496	1	2	350	7	2	10	233
3.498	1	2	350	9	2	10	233
3.5	1	2	351	1	2	10	233
3.502	1	2	351	3	2	10	233
3.504	1	2	351	5	2	2	65
3.521	1	1	353	2	1	2	65
3.522	1	2	353	3	2	16	453
3.522	1	1	353	3	1	2	65
3.523	1	2	353	4	2	16	453
3.523	1	1	353	4	1	2	65
3.525	1	2	353	6	2	16	967
3.553	1	1	356	4	1	2	65
3.553	1	2	356	4	2	16	453
3.572	1	1	358	3	1	0	41
3.572	1	2	358	3	2	16	453
3.574	1	1	358	5	1	0	41
3.574	1	2	358	5	2	16	453
3.578	1	1	358	9	1	0	41
3.578	1	2	358	9	2	16	453
3.58	1	1	359	1	1	10	233
3.58	1	2	359	1	2	16	453
3.603	1	2	361	4	2	14	389
3.622	1	2	363	3	2	12	301
3.624	1	2	363	5	2	12	301
3.626	1	2	363	7	2	12	301
3.628	1	2	363	9	2	12	301
3.63	1	2	364	1	2	16	453
3.632	1	2	364	3	2	10	233
3.642	1	2	365	3	2	20	597
3.644	1	2	365	5	2	20	597
3.645	1	2	365	6	2	20	597
3.647	1	2	365	8	2	20	597
3.65	1	2	366	1	2	22	693
3.653	1	2	366	4	2	16	453
3.661	1	2	367	2	2	18	485
3.665	1	2	367	6	2	18	485
3.667	1	2	367	8	2	18	485
3.669	1	2	367	10	2	12	301
3.671	1	2	368	2	2	12	301
3.673	1	2	368	4	2	14	389
3.68	1	2	369	1	2	12	301
3.681	1	1	369	2	1	0	41
3.681	1	2	369	2	2	12	301
3.682	1	1	369	3	1	0	85
3.683	1	1	369	4	1	0	41
3.707	1	1	371	8	1	6	153
3.712	1	1	372	3	1	6	153
3.714	1	1	372	5	1	6	153
3.726	1	1	373	7	1	6	153
3.733	1	1	374	4	1	4	105
3.742	1	1	375	3	1	4	105
3.747	1	1	375	8	1	4	105
3.75	1	1	376	1	1	4	105
3.757	1	1	376	8	1	6	153
3.764	1	1	377	5	1	2	65
3.767	1	1	377	8	1	2	65
3.771	1	1	378	2	1	4	105
3.778	1	1	378	9	1	8	209
3.786	1	1	379	7	1	8	209
3.789	1	1	379	10	1	8	209
3.793	1	1	380	4	1	4	105
3.794	1	1	380	5	1	4	105
3.841	1	1	385	2	1	4	105
3.842	1	2	385	3	2	6	153
3.842	1	1	385	3	1	4	105
3.843	1	2	385	4	2	6	325
3.861	1	1	387	2	1	4	225
3.867	1	2	387	8	2	4	225
3.869	1	2	387	10	2	4	225
3.871	1	2	388	2	2	4	225
3.872	1	2	388	3	2	4	225
3.874	1	2	388	5	2	16	967
3.876	1	1	388	7	1	8	437
3.879	1	2	388	10	2	14	807
3.886	1	2	389	7	2	12	621
3.887	1	2	389	8	2	12	621
3.888	1	2	389	9	2	12	621
3.889	1	2	389	10	2	12	621
3.89	1	1	390	1	1	2	137
3.892	1	2	390	3	2	12	621
3.893	1	2	390	4	2	6	325
3.894	1	2	390	5	2	12	621
3.895	1	2	390	6	2	14	807
3.896	1	2	390	7	2	14	807
3.9	1	1	391	1	1	2	137
3.903	1	1	391	4	1	2	137
3.904	1	2	391	5	2	14	807
3.905	1	2	391	6	2	14	807
3.906	1	2	391	7	2	14	807
3.908	1	2	391	9	2	14	807
3.922	1	2	393	3	2	8	209
3.924	1	2	393	5	2	8	209
3.926	1	2	393	7	2	8	209
3.941	1	2	395	2	2	4	105
3.948	1	2	395	9	2	14	389
3.952	1	2	396	3	2	14	389
3.96	1	2	397	1	2	20	597
3.961	1	2	397	2	2	20	597
3.964	1	2	397	5	2	20	597
3.967	1	2	397	8	2	8	209
3.984	1	2	399	5	2	8	209
3.986	1	2	399	7	2	8	209
3.988	1	2	399	9	2	8	209
3.99	1	2	400	1	2	8	209
4.001	1	1	401	2	1	6	325
4.006	1	2	401	7	2	2	137
4.009	1	2	401	10	2	2	137
4.011	1	2	402	2	2	2	137
4.012	1	2	402	3	2	2	137
4.013	1	2	402	4	2	16	967
4.023	1	1	403	4	1	6	325
4.025	1	2	403	6	2	8	437
4.028	1	2	403	9	2	8	437
4.033	1	2	404	4	2	8	437
4.035	1	2	404	6	2	10	501
4.036	1	1	404	7	1	2	137
4.039	1	1	404	10	1	2	137
4.043	1	1	405	4	1	10	501
4.047	1	1	405	8	1	10	501
4.049	1	2	405	10	2	10	501
4.052	1	1	406	3	1	2	137
4.056	1	2	406	7	2	4	225
4.059	1	1	406	10	1	6	325
4.063	1	2	407	4	2	6	325
4.065	1	2	407	6	2	6	325
4.066	1	2	407	7	2	6	325
4.068	1	2	407	9	2	6	325
4.07	1	2	408	1	2	12	621
4.071	1	1	408	2	1	6	325
4.073	1	1	408	4	1	6	325
4.076	1	2	408	7	2	12	621
4.08	1	1	409	1	1	2	137
4.083	1	1	409	4	1	2	137
4.088	1	1	409	9	1	6	325
4.09	1	2	410	1	2	10	501
4.093	1	1	410	4	1	6	325
4.095	1	2	410	6	2	10	501
4.097	1	2	410	8	2	2	137
4.098	1	2	410	9	2	2	137
4.099	1	2	410	10	2	2	137
4.1	1	2	411	1	2	2	137
4.104	1	1	411	5	1	2	137
4.109	1	2	411	10	2	18	999
4.11	1	2	412	1	2	18	999
4.112	1	2	412	3	2	18	999
4.115	1	2	412	6	2	18	999
4.117	1	1	412	8	1	10	501
4.119	1	2	412	10	2	6	325
4.123	1	1	413	4	1	10	501
4.128	1	2	413	9	2	6	325
4.13	1	2	414	1	2	6	325
4.133	1	1	414	4	1	6	325
4.136	1	1	414	7	1	6	325
4.138	1	2	414	9	2	4	225
4.139	1	2	414	10	2	4	225
4.141	1	2	415	2	2	4	225
4.146	1	2	415	7	2	4	105
4.161	1	1	417	2	1	10	233
4.162	1	2	417	3	2	12	621
4.163	1	2	417	4	2	12	621
4.165	1	2	417	6	2	12	621
4.168	1	2	417	9	2	12	621
4.171	1	2	418	2	2	12	621
4.173	1	1	418	4	1	4	225
4.184	1	2	419	5	2	4	105
4.185	1	2	419	6	2	4	105
4.186	1	2	419	7	2	4	105
4.187	1	2	419	8	2	4	105
4.188	1	2	419	9	2	4	105
4.189	1	2	419	10	2	4	105
4.19	1	2	420	1	2	4	105
4.191	1	2	420	2	2	2	65
4.192	1	2	420	3	2	4	105
4.198	1	2	420	9	2	14	389
4.203	1	2	421	4	2	14	389
4.207	1	2	421	8	2	8	209
4.208	1	2	421	9	2	8	209
4.21	1	2	422	1	2	12	301
4.214	1	2	422	5	2	8	209
4.216	1	2	422	7	2	8	209
4.22	1	2	423	1	2	8	209
4.223	1	2	423	4	2	8	209
4.224	1	2	423	5	2	8	209
4.226	1	2	423	7	2	8	209
4.227	1	2	423	8	2	2	65
4.228	1	2	423	9	2	2	65
4.229	1	2	423	10	2	2	65
4.234	1	2	424	5	2	8	209
4.237	1	2	424	8	2	8	209
4.239	1	2	424	10	2	8	209
4.241	1	2	425	2	2	6	153
4.243	1	2	425	4	2	6	153
4.246	1	2	425	7	2	8	209
4.247	1	2	425	8	2	8	209
4.249	1	2	425	10	2	14	389
4.253	1	2	426	4	2	14	389
4.254	1	2	426	5	2	14	389
4.257	1	2	426	8	2	14	389
4.26	1	2	427	1	2	14	389
4.262	1	2	427	3	2	14	389
4.266	1	2	427	7	2	2	65
4.267	1	2	427	8	2	14	389
4.27	1	2	428	1	2	14	389
4.271	1	2	428	2	2	14	389
4.273	1	2	428	4	2	10	233
4.276	1	2	428	7	2	6	153
4.278	1	2	428	9	2	8	209
4.28	1	2	429	1	2	10	233
4.283	1	2	429	4	2	16	453
4.288	1	2	429	9	2	16	453
4.29	1	2	430	1	2	10	233
4.292	1	2	430	3	2	10	233
4.293	1	2	430	4	2	10	233
4.295	1	2	430	6	2	8	209
4.297	1	2	430	8	2	12	301
4.3	1	2	431	1	2	8	209
4.302	1	2	431	3	2	12	301
4.304	1	2	431	5	2	18	485
4.306	1	2	431	7	2	18	485
4.308	1	2	431	9	2	14	389
4.31	1	2	432	1	2	12	301
4.311	1	2	432	2	2	6	153
4.312	1	2	432	3	2	6	153
4.314	1	2	432	5	2	10	233
4.316	1	2	432	7	2	12	301
4.318	1	2	432	9	2	10	233
4.32	1	2	433	1	2	10	233
4.321	1	2	433	2	2	6	153
4.321	1	1	433	2	1	8	209
4.322	1	1	433	3	1	8	437
4.323	1	2	433	4	2	2	137
4.324	1	2	433	5	2	2	137
4.325	1	2	433	6	2	2	137
4.327	1	2	433	8	2	2	137
4.33	1	2	434	1	2	2	137
4.334	1	2	434	5	2	2	137
4.335	1	2	434	6	2	2	137
4.339	1	2	434	10	2	12	621
4.34	1	2	435	1	2	12	621
4.341	1	2	435	2	2	0	85
4.342	1	2	435	3	2	0	85
4.345	1	2	435	6	2	0	85
4.347	1	1	435	8	1	4	225
4.349	1	2	435	10	2	14	807
4.352	1	2	436	3	2	0	85
4.354	1	2	436	5	2	0	85
4.355	1	2	436	6	2	0	85
4.356	1	2	436	7	2	0	85
4.358	1	2	436	9	2	0	85
4.361	1	2	437	2	2	2	137
4.363	1	2	437	4	2	4	225
4.365	1	2	437	6	2	14	807
4.367	1	2	437	8	2	14	807
4.372	1	2	438	3	2	8	437
4.373	1	2	438	4	2	8	437
4.375	1	2	438	6	2	8	437
4.381	1	2	439	2	2	14	389
4.382	1	2	439	3	2	14	389
4.383	1	2	439	4	2	14	389
4.385	1	2	439	6	2	14	389
4.387	1	2	439	8	2	14	389
4.388	1	2	439	9	2	12	301
4.389	1	2	439	10	2	10	233
4.39	1	2	440	1	2	12	301
4.391	1	2	440	2	2	12	301
4.394	1	2	440	5	2	18	485
4.395	1	2	440	6	2	18	485
4.4	1	2	441	1	2	18	485
4.401	1	2	441	2	2	6	153
4.402	1	2	441	3	2	4	105
4.403	1	2	441	4	2	4	105
4.406	1	2	441	7	2	4	105
4.409	1	2	441	10	2	10	233
4.41	1	2	442	1	2	14	389
4.411	1	2	442	2	2	14	389
4.412	1	2	442	3	2	14	389
4.419	1	2	442	10	2	14	389
4.42	1	2	443	1	2	14	389
4.421	1	2	443	2	2	14	389
4.422	1	2	443	3	2	14	389
4.423	1	2	443	4	2	14	389
4.424	1	2	443	5	2	14	389
4.425	1	2	443	6	2	14	389
4.43	1	2	444	1	2	14	389
4.438	1	2	444	9	2	14	389
4.44	1	2	445	1	2	14	389
4.441	1	2	445	2	2	14	389
4.442	1	2	445	3	2	14	389
4.444	1	2	445	5	2	14	389
4.445	1	2	445	6	2	10	233
