% time	cellId	IMSI	RNTI	layer	mcs	size	rv	ndi
716	1	1	1	0	4	225	0	1
735	1	1	1	0	4	225	0	1
807	1	1	1	0	2	137	0	1
816	1	2	2	0	6	325	0	1
832	1	1	1	0	8	437	0	1
834	1	2	2	0	2	137	0	1
852	1	2	2	0	14	807	0	1
854	1	1	1	0	8	437	0	1
857	1	1	1	0	8	437	0	1
872	1	2	2	0	8	437	0	1
885	1	1	1	0	2	137	0	1
889	1	1	1	0	2	137	0	1
890	1	2	2	0	18	999	0	1
892	1	2	2	0	18	999	0	1
897	1	1	1	0	8	437	0	1
910	1	2	2	0	18	999	0	1
916	1	2	2	0	18	485	0	1
917	1	2	2	0	20	597	0	1
929	1	2	2	0	20	597	0	1
932	1	2	2	0	20	597	0	1
933	1	2	2	0	20	597	0	1
936	1	2	2	0	18	485	0	1
948	1	2	2	0	18	485	0	1
949	1	2	2	0	18	485	0	1
950	1	2	2	0	18	485	0	1
952	1	2	2	0	18	485	0	1
956	1	2	2	0	16	453	0	1
957	1	2	2	0	18	485	0	1
967	1	2	2	0	18	485	0	1
971	1	2	2	0	8	209	0	1
974	1	2	2	0	8	209	0	1
976	1	2	2	0	8	209	0	1
978	1	2	2	0	18	485	0	1
980	1	2	2	0	18	485	0	1
983	1	2	2	0	10	233	0	1
986	1	2	2	0	10	233	0	1
987	1	2	2	0	2	65	0	1
988	1	2	2	0	2	65	0	1
989	1	2	2	0	2	65	0	1
990	1	2	2	0	14	389	0	1
991	1	2	2	0	14	389	0	1
992	1	2	2	0	14	389	0	1
996	1	2	2	0	6	153	0	1
997	1	2	2	0	0	41	0	1
998	1	2	2	0	0	41	0	1
1000	1	2	2	0	0	41	0	1
1001	1	2	2	0	0	41	0	1
1002	1	2	2	0	0	41	0	1
1003	1	2	2	0	14	389	0	1
1004	1	2	2	0	10	233	0	1
1005	1	2	2	0	4	105	0	1
1006	1	2	2	0	4	105	0	1
1007	1	2	2	0	12	301	0	1
1016	1	2	2	0	6	153	0	1
1019	1	2	2	0	6	153	0	1
1020	1	2	2	0	6	153	0	1
1021	1	2	2	0	6	153	0	1
1022	1	2	2	0	6	153	0	1
1026	1	2	2	0	6	153	0	1
1027	1	2	2	0	6	153	0	1
1035	1	2	2	0	6	153	0	1
1036	1	2	2	0	6	153	0	1
1037	1	2	2	0	6	153	0	1
1038	1	2	2	0	6	153	0	1
1039	1	2	2	0	6	153	0	1
1040	1	2	2	0	6	153	0	1
1041	1	2	2	0	6	153	0	1
1042	1	2	2	0	6	153	0	1
1053	1	2	2	0	16	453	0	1
1054	1	2	2	0	16	453	0	1
1055	1	2	2	0	16	453	0	1
1056	1	2	2	0	16	453	0	1
1057	1	2	2	0	16	453	0	1
1058	1	2	2	0	16	453	0	1
1060	1	2	2	0	16	453	0	1
1061	1	2	2	0	18	485	0	1
1072	1	2	2	0	18	485	0	1
1074	1	2	2	0	18	485	0	1
1075	1	2	2	0	18	485	0	1
1076	1	2	2	0	18	485	0	1
1077	1	2	2	0	18	485	0	1
1078	1	2	2	0	18	485	0	1
1079	1	2	2	0	18	485	0	1
1080	1	2	2	0	18	485	0	1
1091	1	2	2	0	10	233	0	1
1093	1	2	2	0	10	233	0	1
1094	1	2	2	0	10	233	0	1
1095	1	2	2	0	10	233	0	1
1096	1	2	2	0	10	233	0	1
1097	1	2	2	0	10	233	0	1
1098	1	2	2	0	8	209	0	1
1099	1	2	2	0	8	209	0	1
1100	1	2	2	0	6	153	0	1
1101	1	2	2	0	4	105	0	1
1109	1	2	2	0	4	105	0	1
1110	1	2	2	0	4	105	0	1
1111	1	2	2	0	4	105	0	1
1112	1	2	2	0	4	105	0	1
1113	1	2	2	0	4	105	0	1
1114	1	2	2	0	4	105	0	1
1115	1	2	2	0	4	105	0	1
1116	1	2	2	0	16	453	0	1
1117	1	2	2	0	18	485	0	1
1118	1	2	2	0	18	485	0	1
1119	1	2	2	0	12	301	0	1
1127	1	1	1	0	2	65	0	1
1127	1	2	2	0	6	153	0	1
1128	1	1	1	0	2	65	0	1
1128	1	2	2	0	12	301	0	1
1129	1	1	1	0	2	65	0	1
1129	1	2	2	0	12	301	0	1
1130	1	1	1	0	2	65	0	1
1130	1	2	2	0	12	301	0	1
1131	1	1	1	0	2	137	0	1
1132	1	2	2	0	12	621	0	1
1135	1	2	2	0	12	621	0	1
1137	1	2	2	0	2	137	0	1
1147	1	2	2	0	2	137	0	1
1150	1	2	2	0	2	137	0	1
1152	1	2	2	0	2	137	0	1
1153	1	2	2	0	2	137	0	1
1154	1	2	2	0	12	621	0	1
1156	1	1	1	0	4	225	0	1
1158	1	1	1	0	4	225	0	1
1159	1	1	1	0	4	225	0	1
1168	1	1	1	0	4	105	0	1
1169	1	1	1	0	4	105	0	1
1179	1	1	1	0	8	209	0	1
1185	1	1	1	0	8	209	0	1
1192	1	1	1	0	2	65	0	1
1200	1	1	1	0	2	65	0	1
1201	1	1	1	0	2	65	0	1
1202	1	1	1	0	2	65	0	1
1203	1	1	1	0	2	65	0	1
1204	1	1	1	0	2	65	0	1
1205	1	1	1	0	2	65	0	1
1206	1	1	1	0	2	65	0	1
1207	1	1	1	0	6	153	0	1
1208	1	1	1	0	4	105	0	1
1209	1	1	1	0	2	65	0	1
1210	1	1	1	0	0	41	0	1
1217	1	1	1	0	6	153	0	1
1224	1	1	1	0	6	153	0	1
1226	1	1	1	0	6	153	0	1
1227	1	1	1	0	6	153	0	1
1233	1	1	1	0	12	301	0	1
1238	1	1	1	0	12	301	0	1
1240	1	1	1	0	14	389	0	1
1241	1	1	1	0	14	389	0	1
1244	1	1	1	0	14	389	0	1
1251	1	1	1	0	0	41	0	1
1252	1	1	1	0	0	41	0	1
1253	1	1	1	0	0	41	0	1
1256	1	1	1	0	0	41	0	1
1257	1	1	1	0	0	41	0	1
1263	1	1	1	0	2	65	0	1
1266	1	1	1	0	2	65	0	1
1270	1	1	1	0	2	65	0	1
1271	1	1	1	0	2	65	0	1
1286	1	1	1	0	0	41	0	1
1287	1	1	1	0	6	153	0	1
1288	1	2	2	0	14	807	0	1
1291	1	1	1	0	6	325	0	1
1308	1	2	2	0	18	999	0	1
1309	1	2	2	0	18	999	0	1
1311	1	2	2	0	18	999	0	1
1312	1	2	2	0	18	999	0	1
1314	1	2	2	0	18	999	0	1
1316	1	2	2	0	6	325	0	1
1318	1	2	2	0	4	225	0	1
1329	1	1	1	0	6	153	0	1
1329	1	2	2	0	4	105	0	1
1331	1	2	2	0	4	225	0	1
1332	1	2	2	0	4	225	0	1
1334	1	2	2	0	4	225	0	1
1335	1	2	2	0	4	225	0	1
1336	1	2	2	0	4	225	0	1
1338	1	2	2	0	8	437	0	1
1350	1	2	2	0	8	437	0	1
1351	1	2	2	0	8	437	0	1
1352	1	2	2	0	8	437	0	1
1353	1	2	2	0	8	437	0	1
1354	1	2	2	0	8	437	0	1
1355	1	2	2	0	8	437	0	1
1356	1	2	2	0	8	437	0	1
1357	1	2	2	0	2	137	0	1
1358	1	2	2	0	8	437	0	1
1359	1	2	2	0	12	621	0	1
1369	1	1	1	0	2	65	0	1
1369	1	2	2	0	12	301	0	1
1370	1	2	2	0	12	621	0	1
1371	1	2	2	0	12	621	0	1
1376	1	1	1	0	4	105	0	1
1376	1	2	2	0	10	233	0	1
1393	1	1	1	0	6	153	0	1
1397	1	1	1	0	6	153	0	1
1413	1	1	1	0	2	65	0	1
1419	1	1	1	0	2	65	0	1
1426	1	1	1	0	0	41	0	1
1432	1	1	1	0	0	41	0	1
1433	1	1	1	0	4	105	0	1
1439	1	1	1	0	8	209	0	1
1442	1	1	1	0	6	153	0	1
1448	1	2	2	0	16	967	0	1
1453	1	1	1	0	2	137	0	1
1456	1	1	1	0	2	137	0	1
1459	1	1	1	0	2	137	0	1
1467	1	2	2	0	16	453	0	1
1470	1	2	2	0	16	453	0	1
1472	1	2	2	0	16	453	0	1
1474	1	2	2	0	10	233	0	1
1487	1	2	2	0	10	233	0	1
1489	1	2	2	0	10	233	0	1
1490	1	2	2	0	10	233	0	1
1495	1	2	2	0	14	389	0	1
1506	1	2	2	0	18	485	0	1
1509	1	2	2	0	18	485	0	1
1514	1	2	2	0	18	485	0	1
1515	1	2	2	0	18	485	0	1
1525	1	2	2	0	8	209	0	1
1529	1	2	2	0	8	209	0	1
1532	1	2	2	0	8	209	0	1
1534	1	2	2	0	8	209	0	1
1545	1	2	2	0	16	453	0	1
1547	1	2	2	0	16	453	0	1
1548	1	2	2	0	16	453	0	1
1551	1	2	2	0	16	453	0	1
1563	1	2	2	0	10	233	0	1
1565	1	2	2	0	10	233	0	1
1566	1	2	2	0	10	233	0	1
1568	1	2	2	0	10	233	0	1
1569	1	2	2	0	10	233	0	1
1570	1	2	2	0	16	453	0	1
1583	1	2	2	0	16	453	0	1
1585	1	2	2	0	16	453	0	1
1586	1	2	2	0	16	453	0	1
1590	1	2	2	0	6	153	0	1
1591	1	2	2	0	6	153	0	1
1603	1	2	2	0	12	301	0	1
1605	1	2	2	0	12	301	0	1
1606	1	2	2	0	12	301	0	1
1608	1	2	2	0	14	389	0	1
1609	1	2	2	0	14	389	0	1
1621	1	2	2	0	14	389	0	1
1623	1	2	2	0	14	389	0	1
1624	1	2	2	0	14	389	0	1
1627	1	2	2	0	14	389	0	1
1629	1	2	2	0	8	209	0	1
1642	1	2	2	0	18	485	0	1
1645	1	2	2	0	18	485	0	1
1647	1	2	2	0	18	485	0	1
1650	1	2	2	0	16	453	0	1
1652	1	2	2	0	6	153	0	1
1660	1	2	2	0	6	153	0	1
1661	1	2	2	0	6	153	0	1
1662	1	2	2	0	6	153	0	1
1663	1	2	2	0	6	153	0	1
1664	1	2	2	0	6	153	0	1
1665	1	2	2	0	6	153	0	1
1666	1	2	2	0	6	153	0	1
1667	1	2	2	0	10	233	0	1
1668	1	2	2	0	12	301	0	1
1669	1	2	2	0	10	233	0	1
1680	1	2	2	0	10	233	0	1
1682	1	2	2	0	10	233	0	1
1685	1	2	2	0	10	233	0	1
1698	1	2	2	0	4	105	0	1
1700	1	2	2	0	4	105	0	1
1701	1	2	2	0	4	105	0	1
1702	1	2	2	0	4	105	0	1
1718	1	2	2	0	4	105	0	1
1721	1	2	2	0	4	105	0	1
1723	1	2	2	0	4	105	0	1
1724	1	2	2	0	4	105	0	1
1738	1	2	2	0	12	301	0	1
1740	1	2	2	0	12	301	0	1
1743	1	2	2	0	12	301	0	1
1756	1	2	2	0	10	233	0	1
1758	1	2	2	0	10	233	0	1
1760	1	2	2	0	10	233	0	1
1767	1	1	1	0	4	225	0	1
1774	1	2	2	0	2	137	0	1
1776	1	2	2	0	2	137	0	1
1777	1	2	2	0	2	137	0	1
1778	1	2	2	0	2	137	0	1
1781	1	2	2	0	16	967	0	1
1786	1	1	1	0	8	437	0	1
1788	1	1	1	0	8	437	0	1
1789	1	1	1	0	8	437	0	1
1792	1	1	1	0	8	437	0	1
1794	1	1	1	0	8	437	0	1
1798	1	2	2	0	12	621	0	1
1800	1	2	2	0	12	621	0	1
1802	1	2	2	0	12	621	0	1
1803	1	2	2	0	12	621	0	1
1805	1	1	1	0	0	85	0	1
1808	1	1	1	0	0	85	0	1
1809	1	1	1	0	0	85	0	1
1812	1	1	1	0	2	137	0	1
1813	1	1	1	0	2	137	0	1
1818	1	2	2	0	18	999	0	1
1821	1	1	1	0	2	137	0	1
1824	1	2	2	0	18	999	0	1
1826	1	2	2	0	6	325	0	1
1827	1	2	2	0	6	325	0	1
1837	1	2	2	0	4	225	0	1
1840	1	2	2	0	4	225	0	1
1843	1	2	2	0	4	225	0	1
1844	1	2	2	0	6	325	0	1
1846	1	1	1	0	2	137	0	1
1855	1	2	2	0	6	325	0	1
1856	1	2	2	0	6	325	0	1
1857	1	2	2	0	6	325	0	1
1859	1	2	2	0	6	325	0	1
1865	1	1	1	0	0	85	0	1
1874	1	2	2	0	12	621	0	1
1876	1	2	2	0	12	621	0	1
1878	1	2	2	0	12	621	0	1
1880	1	2	2	0	12	621	0	1
1885	1	2	2	0	18	999	0	1
1887	1	1	1	0	4	225	0	1
1893	1	2	2	0	18	999	0	1
1895	1	2	2	0	18	999	0	1
1896	1	2	2	0	18	999	0	1
1899	1	2	2	0	18	999	0	1
1900	1	2	2	0	14	807	0	1
1907	1	1	1	0	10	501	0	1
1909	1	1	1	0	10	501	0	1
1913	1	2	2	0	14	807	0	1
1916	1	2	2	0	14	807	0	1
1917	1	2	2	0	14	807	0	1
1919	1	2	2	0	14	807	0	1
1921	1	2	2	0	12	621	0	1
1929	1	1	1	0	6	325	0	1
1932	1	2	2	0	14	807	0	1
1936	1	2	2	0	14	807	0	1
1943	1	2	2	0	10	501	0	1
1944	1	2	2	0	10	501	0	1
1947	1	1	1	0	6	325	0	1
1951	1	2	2	0	12	621	0	1
1953	1	2	2	0	12	621	0	1
1956	1	2	2	0	12	621	0	1
1959	1	2	2	0	8	209	0	1
1961	1	2	2	0	6	153	0	1
1963	1	2	2	0	14	389	0	1
1965	1	2	2	0	14	389	0	1
1970	1	2	2	0	16	453	0	1
1971	1	2	2	0	16	453	0	1
1974	1	2	2	0	12	301	0	1
1976	1	2	2	0	12	301	0	1
1978	1	2	2	0	16	453	0	1
1980	1	2	2	0	16	453	0	1
1982	1	2	2	0	12	301	0	1
1984	1	2	2	0	8	209	0	1
1989	1	2	2	0	6	153	0	1
1992	1	2	2	0	6	153	0	1
1993	1	2	2	0	6	153	0	1
1995	1	2	2	0	6	153	0	1
1996	1	2	2	0	8	209	0	1
1998	1	2	2	0	8	209	0	1
2001	1	2	2	0	4	105	0	1
2007	1	2	2	0	4	105	0	1
2010	1	2	2	0	18	485	0	1
2011	1	2	2	0	18	485	0	1
2012	1	2	2	0	18	485	0	1
2013	1	2	2	0	18	485	0	1
2014	1	2	2	0	18	485	0	1
2019	1	2	2	0	4	105	0	1
2026	1	2	2	0	10	233	0	1
2028	1	2	2	0	10	233	0	1
2030	1	2	2	0	10	233	0	1
2032	1	2	2	0	10	233	0	1
2033	1	2	2	0	18	485	0	1
2034	1	2	2	0	18	485	0	1
2035	1	2	2	0	18	485	0	1
2038	1	2	2	0	18	485	0	1
2045	1	2	2	0	14	389	0	1
2048	1	2	2	0	14	389	0	1
2050	1	2	2	0	14	389	0	1
2051	1	2	2	0	14	389	0	1
2053	1	2	2	0	4	105	0	1
2054	1	2	2	0	4	105	0	1
2055	1	2	2	0	0	41	0	1
2056	1	2	2	0	0	41	0	1
2057	1	2	2	0	6	153	0	1
2065	1	2	2	0	6	153	0	1
2066	1	2	2	0	6	153	0	1
2068	1	2	2	0	6	153	0	1
2069	1	2	2	0	6	153	0	1
2070	1	2	2	0	6	153	0	1
2072	1	2	2	0	4	105	0	1
2073	1	2	2	0	8	209	0	1
2074	1	2	2	0	8	209	0	1
2076	1	2	2	0	2	65	0	1
2085	1	2	2	0	2	65	0	1
2087	1	1	1	0	6	153	0	1
2087	1	2	2	0	2	65	0	1
2088	1	2	2	0	8	437	0	1
2089	1	2	2	0	8	437	0	1
2090	1	2	2	0	8	437	0	1
2092	1	2	2	0	8	437	0	1
2093	1	2	2	0	8	437	0	1
2104	1	2	2	0	14	807	0	1
2105	1	2	2	0	14	807	0	1
2108	1	1	1	0	4	225	0	1
2110	1	2	2	0	14	807	0	1
2111	1	2	2	0	18	999	0	1
2112	1	2	2	0	14	807	0	1
2113	1	2	2	0	14	807	0	1
2114	1	2	2	0	14	807	0	1
2116	1	2	2	0	14	807	0	1
2117	1	2	2	0	8	437	0	1
2118	1	2	2	0	12	621	0	1
2119	1	2	2	0	14	807	0	1
2122	1	2	2	0	14	389	0	1
2123	1	2	2	0	10	233	0	1
2128	1	2	2	0	10	233	0	1
2129	1	2	2	0	18	485	0	1
2130	1	2	2	0	16	453	0	1
2134	1	2	2	0	16	453	0	1
2135	1	2	2	0	8	209	0	1
2138	1	2	2	0	8	209	0	1
2140	1	2	2	0	8	209	0	1
2141	1	2	2	0	12	301	0	1
2142	1	2	2	0	10	233	0	1
2147	1	2	2	0	10	233	0	1
2148	1	2	2	0	6	153	0	1
2153	1	2	2	0	6	153	0	1
2155	1	2	2	0	4	105	0	1
2158	1	2	2	0	4	105	0	1
2160	1	2	2	0	14	389	0	1
2166	1	2	2	0	14	389	0	1
2168	1	2	2	0	2	65	0	1
2172	1	2	2	0	2	65	0	1
2173	1	2	2	0	0	41	0	1
2174	1	2	2	0	0	41	0	1
2175	1	2	2	0	12	301	0	1
2180	1	2	2	0	12	301	0	1
2186	1	2	2	0	18	485	0	1
2192	1	2	2	0	22	693	0	1
2195	1	2	2	0	12	301	0	1
2198	1	2	2	0	12	301	0	1
2200	1	2	2	0	10	233	0	1
2204	1	2	2	0	18	485	0	1
2210	1	2	2	0	10	233	0	1
2217	1	2	2	0	8	209	0	1
2222	1	2	2	0	8	209	0	1
2228	1	2	2	0	18	485	0	1
2229	1	2	2	0	8	209	0	1
2230	1	2	2	0	8	209	0	1
2231	1	2	2	0	8	209	0	1
2237	1	2	2	0	10	233	0	1
2242	1	2	2	0	10	233	0	1
2245	1	2	2	0	12	301	0	1
2247	1	1	1	0	10	501	0	1
2248	1	2	2	0	16	967	0	1
2250	1	2	2	0	16	967	0	1
2252	1	2	2	0	14	807	0	1
2256	1	2	2	0	14	807	0	1
2261	1	2	2	0	2	137	0	1
2264	1	2	2	0	10	501	0	1
2265	1	2	2	0	10	501	0	1
2267	1	2	2	0	10	501	0	1
2269	1	2	2	0	8	437	0	1
2273	1	1	1	0	4	225	0	1
2275	1	2	2	0	6	325	0	1
2279	1	2	2	0	8	437	0	1
2282	1	2	2	0	14	807	0	1
2284	1	2	2	0	14	807	0	1
2285	1	2	2	0	14	807	0	1
2288	1	2	2	0	18	999	0	1
2296	1	2	2	0	16	453	0	1
2298	1	2	2	0	16	453	0	1
2300	1	2	2	0	16	453	0	1
2302	1	2	2	0	16	453	0	1
2307	1	2	2	0	14	389	0	1
2318	1	2	2	0	14	389	0	1
2320	1	2	2	0	14	389	0	1
2322	1	2	2	0	14	389	0	1
2324	1	2	2	0	14	389	0	1
2328	1	2	2	0	8	209	0	1
2329	1	2	2	0	8	209	0	1
2338	1	2	2	0	8	209	0	1
2339	1	2	2	0	8	209	0	1
2341	1	2	2	0	8	209	0	1
2343	1	2	2	0	8	209	0	1
2344	1	2	2	0	8	209	0	1
2345	1	2	2	0	0	41	0	1
2350	1	2	2	0	8	209	0	1
2357	1	2	2	0	6	153	0	1
2359	1	2	2	0	6	153	0	1
2361	1	2	2	0	6	153	0	1
2368	1	2	2	0	16	453	0	1
2376	1	2	2	0	16	453	0	1
2378	1	2	2	0	16	453	0	1
2381	1	2	2	0	16	453	0	1
2395	1	2	2	0	6	153	0	1
2398	1	2	2	0	6	153	0	1
2402	1	2	2	0	12	301	0	1
2415	1	2	2	0	8	209	0	1
2417	1	2	2	0	8	209	0	1
2418	1	2	2	0	8	209	0	1
2434	1	2	2	0	20	597	0	1
2435	1	2	2	0	20	597	0	1
2437	1	2	2	0	20	597	0	1
2440	1	2	2	0	20	597	0	1
2456	1	2	2	0	12	301	0	1
2459	1	2	2	0	12	301	0	1
2462	1	2	2	0	12	301	0	1
2464	1	2	2	0	12	301	0	1
2475	1	2	2	0	8	209	0	1
2477	1	2	2	0	8	209	0	1
2478	1	2	2	0	8	209	0	1
2479	1	2	2	0	8	209	0	1
2494	1	2	2	0	10	233	0	1
2496	1	2	2	0	10	233	0	1
2499	1	2	2	0	10	233	0	1
2502	1	2	2	0	14	389	0	1
2513	1	2	2	0	8	209	0	1
2514	1	2	2	0	8	209	0	1
2516	1	2	2	0	8	209	0	1
2519	1	2	2	0	8	209	0	1
2524	1	2	2	0	18	485	0	1
2533	1	2	2	0	2	65	0	1
2535	1	2	2	0	2	65	0	1
2536	1	2	2	0	2	65	0	1
2537	1	2	2	0	2	65	0	1
2538	1	2	2	0	2	65	0	1
2539	1	2	2	0	2	65	0	1
2540	1	2	2	0	8	209	0	1
2541	1	2	2	0	8	209	0	1
2554	1	2	2	0	14	389	0	1
2556	1	2	2	0	14	389	0	1
2558	1	2	2	0	14	389	0	1
2561	1	2	2	0	12	301	0	1
2564	1	2	2	0	12	301	0	1
2578	1	2	2	0	6	153	0	1
2581	1	2	2	0	6	153	0	1
2582	1	2	2	0	6	153	0	1
2585	1	2	2	0	18	485	0	1
2587	1	2	2	0	18	485	0	1
2596	1	2	2	0	6	153	0	1
2597	1	2	2	0	6	153	0	1
2598	1	2	2	0	6	153	0	1
2599	1	2	2	0	6	153	0	1
2600	1	2	2	0	6	153	0	1
2601	1	2	2	0	6	153	0	1
2603	1	2	2	0	12	301	0	1
2605	1	2	2	0	12	301	0	1
2606	1	2	2	0	12	301	0	1
2607	1	2	2	0	12	301	0	1
2608	1	2	2	0	14	389	0	1
2614	1	2	2	0	12	301	0	1
2617	1	2	2	0	12	301	0	1
2620	1	2	2	0	12	301	0	1
2632	1	2	2	0	12	301	0	1
2633	1	2	2	0	12	301	0	1
2635	1	2	2	0	12	301	0	1
2650	1	2	2	0	14	389	0	1
2651	1	2	2	0	14	389	0	1
2653	1	2	2	0	14	389	0	1
2670	1	2	2	0	6	153	0	1
2672	1	2	2	0	6	153	0	1
2673	1	2	2	0	6	153	0	1
2690	1	2	2	0	14	389	0	1
2691	1	2	2	0	14	389	0	1
2695	1	2	2	0	14	389	0	1
2708	1	2	2	0	8	209	0	1
2710	1	2	2	0	8	209	0	1
2712	1	2	2	0	8	209	0	1
2726	1	2	2	0	4	105	0	1
2727	1	1	1	0	0	85	0	1
2728	1	1	1	0	0	41	0	1
2728	1	2	2	0	10	233	0	1
2729	1	1	1	0	0	41	0	1
2729	1	2	2	0	10	233	0	1
2730	1	1	1	0	0	85	0	1
2732	1	2	2	0	10	501	0	1
2753	1	1	1	0	12	301	0	1
2753	1	2	2	0	20	597	0	1
2754	1	1	1	0	12	621	0	1
2756	1	1	1	0	12	621	0	1
2759	1	1	1	0	12	621	0	1
2761	1	1	1	0	2	137	0	1
2772	1	1	1	0	2	137	0	1
2785	1	1	1	0	2	65	0	1
2787	1	1	1	0	2	65	0	1
2788	1	1	1	0	2	65	0	1
2789	1	1	1	0	2	65	0	1
2790	1	1	1	0	2	65	0	1
2791	1	1	1	0	2	65	0	1
2887	1	1	1	0	2	65	0	1
2888	1	2	2	0	12	621	0	1
2906	1	2	2	0	14	807	0	1
2908	1	2	2	0	14	807	0	1
2910	1	2	2	0	14	807	0	1
2915	1	2	2	0	8	437	0	1
2924	1	1	1	0	2	65	0	1
2924	1	2	2	0	8	209	0	1
2926	1	2	2	0	8	437	0	1
2931	1	2	2	0	8	437	0	1
2934	1	2	2	0	8	437	0	1
2944	1	2	2	0	6	325	0	1
2945	1	2	2	0	6	325	0	1
2949	1	1	1	0	0	41	0	1
2949	1	2	2	0	6	153	0	1
2951	1	1	1	0	0	41	0	1
2951	1	2	2	0	12	301	0	1
2952	1	2	2	0	12	621	0	1
3047	1	1	1	0	6	153	0	1
3048	1	2	2	0	8	437	0	1
3069	1	2	2	0	12	621	0	1
3072	1	2	2	0	12	621	0	1
3074	1	2	2	0	12	621	0	1
3076	1	2	2	0	14	807	0	1
3078	1	2	2	0	14	807	0	1
3088	1	2	2	0	12	301	0	1
3090	1	2	2	0	12	301	0	1
3093	1	2	2	0	12	301	0	1
3095	1	2	2	0	18	485	0	1
3098	1	2	2	0	18	485	0	1
3106	1	2	2	0	12	301	0	1
3107	1	2	2	0	12	301	0	1
3109	1	2	2	0	12	301	0	1
3111	1	2	2	0	12	301	0	1
3113	1	2	2	0	12	301	0	1
3114	1	2	2	0	12	301	0	1
3126	1	2	2	0	12	301	0	1
3127	1	2	2	0	12	301	0	1
3130	1	2	2	0	12	301	0	1
3133	1	2	2	0	4	105	0	1
3134	1	2	2	0	4	105	0	1
3135	1	2	2	0	4	105	0	1
3137	1	2	2	0	6	153	0	1
3146	1	2	2	0	6	153	0	1
3148	1	2	2	0	6	153	0	1
3151	1	2	2	0	6	153	0	1
3153	1	2	2	0	6	153	0	1
3154	1	2	2	0	6	153	0	1
3155	1	2	2	0	12	301	0	1
3157	1	2	2	0	12	301	0	1
3164	1	2	2	0	8	209	0	1
3166	1	2	2	0	8	209	0	1
3169	1	2	2	0	8	209	0	1
3171	1	2	2	0	14	389	0	1
3172	1	2	2	0	14	389	0	1
3176	1	2	2	0	12	301	0	1
3177	1	2	2	0	12	301	0	1
3183	1	2	2	0	4	105	0	1
3185	1	2	2	0	4	105	0	1
3187	1	2	2	0	4	105	0	1
3188	1	2	2	0	4	105	0	1
3189	1	2	2	0	4	105	0	1
3190	1	2	2	0	12	301	0	1
3191	1	2	2	0	12	301	0	1
3194	1	2	2	0	4	105	0	1
3207	1	1	1	0	4	105	0	1
3208	1	2	2	0	8	437	0	1
3209	1	2	2	0	8	437	0	1
3211	1	2	2	0	8	437	0	1
3213	1	2	2	0	8	437	0	1
3217	1	2	2	0	18	999	0	1
3227	1	2	2	0	14	807	0	1
3228	1	2	2	0	14	807	0	1
3229	1	2	2	0	14	807	0	1
3230	1	2	2	0	14	807	0	1
3231	1	2	2	0	14	807	0	1
3232	1	2	2	0	14	807	0	1
3233	1	2	2	0	14	807	0	1
3234	1	1	1	0	4	225	0	1
3236	1	2	2	0	10	501	0	1
3237	1	2	2	0	8	437	0	1
3238	1	2	2	0	4	225	0	1
3240	1	1	1	0	4	225	0	1
3246	1	2	2	0	4	225	0	1
3247	1	2	2	0	4	225	0	1
3248	1	2	2	0	4	225	0	1
3249	1	2	2	0	4	225	0	1
3251	1	2	2	0	4	225	0	1
3252	1	2	2	0	4	225	0	1
3256	1	1	1	0	2	137	0	1
3260	1	1	1	0	2	137	0	1
3265	1	2	2	0	6	325	0	1
3267	1	2	2	0	6	325	0	1
3269	1	2	2	0	6	325	0	1
3276	1	1	1	0	2	137	0	1
3280	1	1	1	0	2	137	0	1
3295	1	1	1	0	8	209	0	1
3368	1	2	2	0	0	41	0	1
3369	1	2	2	0	0	41	0	1
3370	1	2	2	0	0	41	0	1
3371	1	2	2	0	0	41	0	1
3388	1	2	2	0	10	233	0	1
3391	1	2	2	0	10	233	0	1
3393	1	2	2	0	10	233	0	1
3406	1	2	2	0	8	209	0	1
3408	1	2	2	0	8	209	0	1
3410	1	2	2	0	8	209	0	1
3412	1	2	2	0	8	209	0	1
3426	1	2	2	0	18	485	0	1
3427	1	2	2	0	18	485	0	1
3429	1	2	2	0	18	485	0	1
3431	1	2	2	0	18	485	0	1
3446	1	2	2	0	12	301	0	1
3448	1	2	2	0	12	301	0	1
3449	1	2	2	0	12	301	0	1
3450	1	2	2	0	12	301	0	1
3464	1	2	2	0	2	65	0	1
3466	1	2	2	0	2	65	0	1
3467	1	2	2	0	2	65	0	1
3470	1	2	2	0	2	65	0	1
3471	1	2	2	0	16	453	0	1
3473	1	2	2	0	14	389	0	1
3483	1	2	2	0	14	389	0	1
3485	1	2	2	0	14	389	0	1
3487	1	2	2	0	14	389	0	1
3489	1	2	2	0	14	389	0	1
3502	1	2	2	0	10	233	0	1
3504	1	2	2	0	10	233	0	1
3506	1	2	2	0	10	233	0	1
3508	1	2	2	0	10	233	0	1
3510	1	2	2	0	2	65	0	1
3527	1	1	1	0	2	65	0	1
3528	1	1	1	0	2	65	0	1
3528	1	2	2	0	16	453	0	1
3529	1	1	1	0	2	65	0	1
3529	1	2	2	0	16	453	0	1
3531	1	2	2	0	16	967	0	1
3559	1	1	1	0	2	65	0	1
3559	1	2	2	0	16	453	0	1
3578	1	1	1	0	0	41	0	1
3578	1	2	2	0	16	453	0	1
3580	1	1	1	0	0	41	0	1
3580	1	2	2	0	16	453	0	1
3584	1	1	1	0	0	41	0	1
3584	1	2	2	0	16	453	0	1
3586	1	1	1	0	10	233	0	1
3586	1	2	2	0	16	453	0	1
3609	1	2	2	0	14	389	0	1
3628	1	2	2	0	12	301	0	1
3630	1	2	2	0	12	301	0	1
3632	1	2	2	0	12	301	0	1
3634	1	2	2	0	12	301	0	1
3636	1	2	2	0	16	453	0	1
3638	1	2	2	0	10	233	0	1
3648	1	2	2	0	20	597	0	1
3650	1	2	2	0	20	597	0	1
3651	1	2	2	0	20	597	0	1
3653	1	2	2	0	20	597	0	1
3656	1	2	2	0	22	693	0	1
3659	1	2	2	0	16	453	0	1
3667	1	2	2	0	18	485	0	1
3671	1	2	2	0	18	485	0	1
3673	1	2	2	0	18	485	0	1
3675	1	2	2	0	12	301	0	1
3677	1	2	2	0	12	301	0	1
3679	1	2	2	0	14	389	0	1
3686	1	2	2	0	12	301	0	1
3687	1	1	1	0	0	41	0	1
3687	1	2	2	0	12	301	0	1
3688	1	1	1	0	0	85	0	1
3689	1	1	1	0	0	41	0	1
3713	1	1	1	0	6	153	0	1
3718	1	1	1	0	6	153	0	1
3720	1	1	1	0	6	153	0	1
3732	1	1	1	0	6	153	0	1
3739	1	1	1	0	4	105	0	1
3748	1	1	1	0	4	105	0	1
3753	1	1	1	0	4	105	0	1
3756	1	1	1	0	4	105	0	1
3763	1	1	1	0	6	153	0	1
3770	1	1	1	0	2	65	0	1
3773	1	1	1	0	2	65	0	1
3777	1	1	1	0	4	105	0	1
3784	1	1	1	0	8	209	0	1
3792	1	1	1	0	8	209	0	1
3795	1	1	1	0	8	209	0	1
3799	1	1	1	0	4	105	0	1
3800	1	1	1	0	4	105	0	1
3847	1	1	1	0	4	105	0	1
3848	1	1	1	0	4	105	0	1
3848	1	2	2	0	6	153	0	1
3849	1	2	2	0	6	325	0	1
3867	1	1	1	0	4	225	0	1
3873	1	2	2	0	4	225	0	1
3875	1	2	2	0	4	225	0	1
3877	1	2	2	0	4	225	0	1
3878	1	2	2	0	4	225	0	1
3880	1	2	2	0	16	967	0	1
3882	1	1	1	0	8	437	0	1
3885	1	2	2	0	14	807	0	1
3892	1	2	2	0	12	621	0	1
3893	1	2	2	0	12	621	0	1
3894	1	2	2	0	12	621	0	1
3895	1	2	2	0	12	621	0	1
3896	1	1	1	0	2	137	0	1
3898	1	2	2	0	12	621	0	1
3899	1	2	2	0	6	325	0	1
3900	1	2	2	0	12	621	0	1
3901	1	2	2	0	14	807	0	1
3902	1	2	2	0	14	807	0	1
3906	1	1	1	0	2	137	0	1
3909	1	1	1	0	2	137	0	1
3910	1	2	2	0	14	807	0	1
3911	1	2	2	0	14	807	0	1
3912	1	2	2	0	14	807	0	1
3914	1	2	2	0	14	807	0	1
3928	1	2	2	0	8	209	0	1
3930	1	2	2	0	8	209	0	1
3932	1	2	2	0	8	209	0	1
3947	1	2	2	0	4	105	0	1
3954	1	2	2	0	14	389	0	1
3958	1	2	2	0	14	389	0	1
3966	1	2	2	0	20	597	0	1
3967	1	2	2	0	20	597	0	1
3970	1	2	2	0	20	597	0	1
3973	1	2	2	0	8	209	0	1
3990	1	2	2	0	8	209	0	1
3992	1	2	2	0	8	209	0	1
3994	1	2	2	0	8	209	0	1
3996	1	2	2	0	8	209	0	1
4007	1	1	1	0	6	325	0	1
4012	1	2	2	0	2	137	0	1
4015	1	2	2	0	2	137	0	1
4017	1	2	2	0	2	137	0	1
4018	1	2	2	0	2	137	0	1
4019	1	2	2	0	16	967	0	1
4029	1	1	1	0	6	325	0	1
4031	1	2	2	0	8	437	0	1
4034	1	2	2	0	8	437	0	1
4039	1	2	2	0	8	437	0	1
4041	1	2	2	0	10	501	0	1
4042	1	1	1	0	2	137	0	1
4045	1	1	1	0	2	137	0	1
4049	1	1	1	0	10	501	0	1
4053	1	1	1	0	10	501	0	1
4055	1	2	2	0	10	501	0	1
4058	1	1	1	0	2	137	0	1
4062	1	2	2	0	4	225	0	1
4065	1	1	1	0	6	325	0	1
4069	1	2	2	0	6	325	0	1
4071	1	2	2	0	6	325	0	1
4072	1	2	2	0	6	325	0	1
4074	1	2	2	0	6	325	0	1
4076	1	2	2	0	12	621	0	1
4077	1	1	1	0	6	325	0	1
4079	1	1	1	0	6	325	0	1
4082	1	2	2	0	12	621	0	1
4086	1	1	1	0	2	137	0	1
4089	1	1	1	0	2	137	0	1
4094	1	1	1	0	6	325	0	1
4096	1	2	2	0	10	501	0	1
4099	1	1	1	0	6	325	0	1
4101	1	2	2	0	10	501	0	1
4103	1	2	2	0	2	137	0	1
4104	1	2	2	0	2	137	0	1
4105	1	2	2	0	2	137	0	1
4106	1	2	2	0	2	137	0	1
4110	1	1	1	0	2	137	0	1
4115	1	2	2	0	18	999	0	1
4116	1	2	2	0	18	999	0	1
4118	1	2	2	0	18	999	0	1
4121	1	2	2	0	18	999	0	1
4123	1	1	1	0	10	501	0	1
4125	1	2	2	0	6	325	0	1
4129	1	1	1	0	10	501	0	1
4134	1	2	2	0	6	325	0	1
4136	1	2	2	0	6	325	0	1
4139	1	1	1	0	6	325	0	1
4142	1	1	1	0	6	325	0	1
4144	1	2	2	0	4	225	0	1
4145	1	2	2	0	4	225	0	1
4147	1	2	2	0	4	225	0	1
4152	1	2	2	0	4	105	0	1
4167	1	1	1	0	10	233	0	1
4168	1	2	2	0	12	621	0	1
4169	1	2	2	0	12	621	0	1
4171	1	2	2	0	12	621	0	1
4174	1	2	2	0	12	621	0	1
4177	1	2	2	0	12	621	0	1
4179	1	1	1	0	4	225	0	1
4190	1	2	2	0	4	105	0	1
4191	1	2	2	0	4	105	0	1
4192	1	2	2	0	4	105	0	1
4193	1	2	2	0	4	105	0	1
4194	1	2	2	0	4	105	0	1
4195	1	2	2	0	4	105	0	1
4196	1	2	2	0	4	105	0	1
4197	1	2	2	0	2	65	0	1
4198	1	2	2	0	4	105	0	1
4204	1	2	2	0	14	389	0	1
4209	1	2	2	0	14	389	0	1
4213	1	2	2	0	8	209	0	1
4214	1	2	2	0	8	209	0	1
4216	1	2	2	0	12	301	0	1
4220	1	2	2	0	8	209	0	1
4222	1	2	2	0	8	209	0	1
4226	1	2	2	0	8	209	0	1
4229	1	2	2	0	8	209	0	1
4230	1	2	2	0	8	209	0	1
4232	1	2	2	0	8	209	0	1
4233	1	2	2	0	2	65	0	1
4234	1	2	2	0	2	65	0	1
4235	1	2	2	0	2	65	0	1
4240	1	2	2	0	8	209	0	1
4243	1	2	2	0	8	209	0	1
4245	1	2	2	0	8	209	0	1
4247	1	2	2	0	6	153	0	1
4249	1	2	2	0	6	153	0	1
4252	1	2	2	0	8	209	0	1
4253	1	2	2	0	8	209	0	1
4255	1	2	2	0	14	389	0	1
4259	1	2	2	0	14	389	0	1
4260	1	2	2	0	14	389	0	1
4263	1	2	2	0	14	389	0	1
4266	1	2	2	0	14	389	0	1
4268	1	2	2	0	14	389	0	1
4272	1	2	2	0	2	65	0	1
4273	1	2	2	0	14	389	0	1
4276	1	2	2	0	14	389	0	1
4277	1	2	2	0	14	389	0	1
4279	1	2	2	0	10	233	0	1
4282	1	2	2	0	6	153	0	1
4284	1	2	2	0	8	209	0	1
4286	1	2	2	0	10	233	0	1
4289	1	2	2	0	16	453	0	1
4294	1	2	2	0	16	453	0	1
4296	1	2	2	0	10	233	0	1
4298	1	2	2	0	10	233	0	1
4299	1	2	2	0	10	233	0	1
4301	1	2	2	0	8	209	0	1
4303	1	2	2	0	12	301	0	1
4306	1	2	2	0	8	209	0	1
4308	1	2	2	0	12	301	0	1
4310	1	2	2	0	18	485	0	1
4312	1	2	2	0	18	485	0	1
4314	1	2	2	0	14	389	0	1
4316	1	2	2	0	12	301	0	1
4317	1	2	2	0	6	153	0	1
4318	1	2	2	0	6	153	0	1
4320	1	2	2	0	10	233	0	1
4322	1	2	2	0	12	301	0	1
4324	1	2	2	0	10	233	0	1
4326	1	2	2	0	10	233	0	1
4327	1	1	1	0	8	209	0	1
4327	1	2	2	0	6	153	0	1
4328	1	1	1	0	8	437	0	1
4329	1	2	2	0	2	137	0	1
4330	1	2	2	0	2	137	0	1
4331	1	2	2	0	2	137	0	1
4333	1	2	2	0	2	137	0	1
4336	1	2	2	0	2	137	0	1
4340	1	2	2	0	2	137	0	1
4341	1	2	2	0	2	137	0	1
4345	1	2	2	0	12	621	0	1
4346	1	2	2	0	12	621	0	1
4347	1	2	2	0	0	85	0	1
4348	1	2	2	0	0	85	0	1
4351	1	2	2	0	0	85	0	1
4353	1	1	1	0	4	225	0	1
4355	1	2	2	0	14	807	0	1
4358	1	2	2	0	0	85	0	1
4360	1	2	2	0	0	85	0	1
4361	1	2	2	0	0	85	0	1
4362	1	2	2	0	0	85	0	1
4364	1	2	2	0	0	85	0	1
4367	1	2	2	0	2	137	0	1
4369	1	2	2	0	4	225	0	1
4371	1	2	2	0	14	807	0	1
4373	1	2	2	0	14	807	0	1
4378	1	2	2	0	8	437	0	1
4379	1	2	2	0	8	437	0	1
4381	1	2	2	0	8	437	0	1
4387	1	2	2	0	14	389	0	1
4388	1	2	2	0	14	389	0	1
4389	1	2	2	0	14	389	0	1
4391	1	2	2	0	14	389	0	1
4393	1	2	2	0	14	389	0	1
4394	1	2	2	0	12	301	0	1
4395	1	2	2	0	10	233	0	1
4396	1	2	2	0	12	301	0	1
4397	1	2	2	0	12	301	0	1
4400	1	2	2	0	18	485	0	1
4401	1	2	2	0	18	485	0	1
4406	1	2	2	0	18	485	0	1
4407	1	2	2	0	6	153	0	1
4408	1	2	2	0	4	105	0	1
4409	1	2	2	0	4	105	0	1
4412	1	2	2	0	4	105	0	1
4415	1	2	2	0	10	233	0	1
4416	1	2	2	0	14	389	0	1
4417	1	2	2	0	14	389	0	1
4418	1	2	2	0	14	389	0	1
4425	1	2	2	0	14	389	0	1
4426	1	2	2	0	14	389	0	1
4427	1	2	2	0	14	389	0	1
4428	1	2	2	0	14	389	0	1
4429	1	2	2	0	14	389	0	1
4430	1	2	2	0	14	389	0	1
4431	1	2	2	0	14	389	0	1
4436	1	2	2	0	14	389	0	1
4444	1	2	2	0	14	389	0	1
4446	1	2	2	0	14	389	0	1
4447	1	2	2	0	14	389	0	1
4448	1	2	2	0	14	389	0	1
